140553420
28596958
196400880
134340205
140828287
101951053
108770652
48530425
156270876
65187100
32274291
88048932
82230959
30440984
33550336
162656829
43497090
170116473
166336328
81600602
118675419
11345866
29007569
188049525
71543053
9106219
14652794
188433949
136870651
190872055
2906029
478779
6
120970439
44532181
147224619
67441295
144261312
64768053
20266885
94608476
105937566
114995954
97820937
123031488
165726123
32736088
58601332
29732465
167360115
93467764
95642127
186018765
71588224
15345559
38532790
67347833
142868100
159859984
171405735
142744026
107756257
198165950
12370384
120342031
58688005
118473349
161455231
114746749
163129718
51809619
38358258
168201328
167051288
707870
76595135
199108532
39104778
157148700
180425505
28369610
54777541
111729288
153984775
30966449
67017644
35103886
171879356
32389942
157437836
27142356
191132531
133209516
160456763
57645625
18546189
26117606
59009083
63687452
44309505
52795772
