96
293
123
127
44
283
32
298
31
10
103
122
194
113
173
56
255
254
181
6
158
71
27
147
261
68
182
116
109
237
64
76
21
132
159
213
291
73
58
168
114
201
53
8
135
112
84
236
33
29
12
232
54
179
24
94
125
296
243
153
126
176
260
49
124
104
186
134
156
287
74
227
214
121
105
66
69
210
85
192
15
292
224
166
52
290
268
165
278
55
151
42
87
198
75
196
46
78
0
245
41
250
217
43
273
120
161
230
119
219
111
228
150
162
2
289
205
92
203
257
137
223
50
239
14
129
269
97
26
140
155
7
20
89
234
80
295
98
276
143
118
163
279
133
145
177
61
148
281
222
11
152
35
154
215
130
47
171
13
95
244
247
100
164
216
193
160
263
225
229
299
4
240
48
207
265
275
221
252
180
220
167
183
187
185
81
294
267
189
195
79
188
297
266
251
271
157
60
277
28
19
77
131
146
128
212
144
40
226
110
262
72
286
272
101
233
231
190
141
238
197
138
259
67
248
108
62
184
18
249
23
206
199
170
82
200
149
63
274
45
36
246
235
25
270
22
1
107
102
288
208
99
37
59
51
264
117
142
175
211
172
106
169
285
88
191
39
115
91
204
256
136
253
70
90
30
242
241
57
280
174
65
282
16
3
218
34
284
9
202
83
93
86
5
17
38
178
258
139
209
