95
55.9
-17.22
88.48
6.08
-50.86
25.44
19.13
68.83
-62.41
-93.3
31.93
-66.93
68.53
-79.9
-84.52
17.0
83.67
-24.77
29.47
-74.12
23.96
21.65
57.12
-74.44
-29.37
52.92
86.27
17.6
79.69
-5.89
12.44
95.21
6.47
-76.03
-51.09
-40.78
33.02
95.08
88.03
63.78
-1.41
-27.88
-2.23
-80.6
-39.95
-66.71
9.13
78.06
67.91
-72.61
43.38
-90.94
-59.23
-78.22
-60.69
-48.76
33.95
-37.46
50.95
-12.02
26.8
44.46
32.81
-90.23
56.85
29.87
89.37
65.87
92.35
-22.42
-84.64
-8.18
-90.3
-90.51
-72.02
-23.77
54.95
49.72
-41.75
2.71
-31.84
63.48
-66.25
89.98
-75.18
87.29
-90.67
91.67
-29.14
-39.4
-21.57
-59.55
-66.54
74.68
-30.1
-5.77
-12.05
-57.24
46.68
59.88
-80.79
77.37
30.65
-43.82
-90.45
67.91
-87.03
54.3
-49.17
49.3
31.87
37.59
90.67
16.06
-80.65
-54.14
-74.05
-21.22
-18.73
36.58
-74.07
-1.03
20.5
-15.28
-47.76
-72.7
-10.7
-16.06
-6.59
-71.09
-56.6
-38.78
44.2
-60.55
56.86
8.79
-8.86
1.63
-47.9
58.25
-96.63
-32.36
95.46
9.33
90.22
-20.8
-73.68
-48.57
11.03
69.99
-19.52
-33.53
2.12
13.63
-84.46
62.12
-68.32
-17.09
4.97
-72.27
-68.32
-7.51
-65.23
-72.5
88.52
-20.43
53.79
-52.13
30.37
-13.59
-65.71
11.54
25.16
0.64
93.29
37.61
93.85
48.59
19.48
90.53
32.29
-7.99
-54.02
-23.37
-73.09
-10.53
36.81
22.53
-50.82
-95.33