90948
5321
26238
36
53048
66
9050
6
10166
9
25063
24
52532
26
52242
41
7145
34
36106
18
15870
31
71355
16
92504
63
17966
31
93133
31
73661
23
23212
31
4386
28
62694
54
19773
25
7848
28
50374
53
81393
55
76620
59
84940
64
49923
62
67152
54
67842
36
22201
48
29305
22
17465
36
17359
5
64046
58
63352
33
5417
20
55501
47
93510
19
73823
10
35035
7
17745
19
80504
39
47962
14
51478
49
36936
38
20125
31
68654
38
83695
34
57515
14
22273
66
92779
13
95300
43
37708
47
65974
41
79887
41
76207
50
48865
22
76959
8
96150
45
20839
22
69148
63
59611
62
55195
29
26182
37
75142
60
81157
63
66490
24
51148
59
52669
44
53538
49
42649
57
43017
4
18495
65
67888
12
94861
16
46387
57
23787
10
55242
13
55139
66
76485
35
49276
53
62564
7
19173
45
30897
16
83121
59
10401
47
72461
55
86648
41
47789
65
97900
47
68220
10
31008
41
82063
64
94253
22
49261
23
29963
15
77075
54
18291
8
25410
65
26023
3
66197
13
86824
61
3429
56
83222
10
9083
48
67404
32
44102
3
93096
66
69500
43
17354
48
28908
34
46315
42
60985
44
65732
12
92630
58
69610
49
6503
21
15556
5
395
13
60956
17
14686
63
31172
40
40134
51
61783
51
49534
12
85859
28
76595
20
63497
55
18545
34
19232
52
33568
22
14325
36
29343
50
87294
4
3102
59
38677
8
20429
65
32467
46
4689
24
83037
27
90496
61
80897
37
55877
17
51263
42
80729
48
14433
35
10031
51
49393
47
37405
7
78792
10
74750
34
1794
9
69381
13
46772
1
4134
62
29394
11
10559
47
82674
32
92976
45
8236
60
18764
59
88152
15
84708
1
55515
53
34659
46
2691
6
52178
20
20847
24
17444
51
87084
59
29328
34
82823
61
92003
34
15764
55
81600
10
59227
5
40552
50
35321
9
94020
29
16878
30
85092
3
27304
52
96835
4
32333
30
14952
4
44483
8
49030
15
38152
15
58211
47
50385
9
75676
33
17581
27
98020
16
85539
50
94339
2
83039
55
54760
22
33885
25
98266
36
61325
2
41490
34
7246
40
72804
54
34249
14
83214
21
52369
63
37712
60
51244
22
16763
33
92834
19
63664
63
59383
47
17195
42
35003
18
98603
60
5802
45
70184
1
52904
60
11774
41
805
28
43227
60
30909
8
39919
53
29744
57
61544
33
51744
33
84317
7
43237
43
62519
9
84151
8
94093
19
52636
51
72320
62
56468
27
17684
64
6182
35
25493
27
44410
18
71867
21
8350
1
56150
17
32939
17
44298
17
74918
55
66411
35
50480
23
92886
52
40981
45
75672
14
72872
48
21888
39
48768
13
84805
46
65475
61
31044
15
28568
16
38932
19
42157
47
24697
60
19574
38
65122
35
84258
65
15330
63
23971
11
63335
63
79491
65
80246
3
3019
47
3770
10
84615
64
14566
25
91772
4
90188
53
42593
60
20446
36
88411
59
31062
6
89130
65
18483
57
5157
57
4685
62
70539
20
4246
53
3761
53
69467
15
98276
38
86571
27
94544
1
75434
4
4880
56
64084
37
10385
1
52142
16
60518
19
28467
61
13649
49
44080
12
81301
27
82738
58
28015
54
22206
21
24622
48
49243
44
38119
4
91103
50
40971
3
46638
48
87373
18
87995
6
62227
55
78410
17
43406
6
95837
28
48996
64
85836
1
85949
59
53750
1
30035
5
52203
30
66314
31
5916
50
82843
2
83338
38
52606
20
2611
12
22256
24
6244
10
8696
40
95029
49
71514
9
35475
3
22894
57
65658
61
85008
25
90367
22
72128
28
96183
11
12200
63
37421
4
76628
61
93534
66
33673
43
25092
40
48096
45
24368
31
58927
18
43644
54
87535
23
675
4
17337
17
38226
46
32179
2
28313
19
68479
28
87058
30
23249
36
16072
4
46092
48
45066
24
7016
20
56226
31
58993
65
7462
55
86909
26
13945
30
46723
7
96092
16
67054
36
5973
12
4701
46
53936
40
16057
55
27774
33
24413
14
15484
3
45005
17
9518
65
65566
26
36401
51
3763
7
22514
48
79750
28
7925
61
33070
30
624
14
64940
44
11696
64
56612
58
50402
21
43505
31
74857
35
80249
12
88189
43
48260
18
58680
12
19318
57
90608
22
41638
40
81086
60
85969
25
9307
26
50317
28
56504
65
58527
53
23800
48
60432
17
90610
42
17694
45
90024
55
14333
50
69828
26
2273
43
29275
54
91007
25
65909
65
74093
9
30107
56
58399
16
97343
42
16413
51
2350
64
61649
24
22435
49
19932
33
58992
62
65910
8
36377
45
82060
61
29994
19
28942
16
93173
26
60782
39
89604
51
76898
48
70639
46
80522
16
30393
36
23593
18
53176
41
52279
53
33686
55
69947
26
8253
12
27992
60
87505
20
3045
24
38117
30
84709
23
7653
48
29537
61
12072
12
41952
53
69650
63
75819
7
97114
28
8406
34
31006
9
25602
52
50146
3
8988
30
10681
56
51794
58
59476
17
38528
15
61917
43
40711
15
85893
48
65275
20
85713
2
83985
45
94513
50
39321
8
41572
45
40030
3
74081
60
73752
3
3884
14
61664
6
57413
47
44965
21
10100
44
43558
37
89708
65
14195
50
58544
64
54208
11
55211
16
70250
61
23215
63
56453
18
27911
39
7318
33
65181
29
37882
48
15788
5
21736
66
57628
41
54770
45
11367
22
2349
32
26321
62
9794
57
6338
11
6639
2
45678
34
78366
19
22939
52
10224
13
71614
28
58251
22
22126
10
58994
6
63875
51
97320
9
23162
1
29228
58
80897
44
59384
63
58525
47
1660
47
84919
8
10091
53
93858
61
42142
2
38761
15
95925
30
86908
12
18499
53
24831
41
49992
28
52131
43
54418
60
42262
14
36407
1
27786
56
57706
61
58727
11
30070
36
28833
13
78062
16
11035
3
68259
59
97926
44
64294
33
77452
41
4689
34
74468
57
72320
63
35740
59
75849
10
55718
9
55472
1
53736
51
73340
26
83203
40
48348
16
32871
31
63010
15
50140
26
83026
21
29053
65
5737
65
65862
22
14805
6
63959
49
81662
36
38203
34
28262
52
36985
62
9646
3
28185
16
4790
16
84175
59
18074
24
19567
19
43457
6
56592
26
68893
2
52619
51
88016
9
20746
19
28182
32
94249
44
54583
31
8497
13
66910
22
40193
17
38432
7
74107
4
65050
11
2432
44
57077
57
91922
17
75222
5
64650
53
66070
2
11029
41
88376
12
21548
19
30564
25
61253
59
77267
48
9237
35
58890
44
49642
44
57713
52
35200
16
78191
46
96862
19
21536
39
65058
31
67438
49
83455
58
98533
4
35100
60
44228
5
469
17
79389
45
29286
18
39842
19
86786
53
84159
56
50545
49
45829
19
68405
35
32889
37
43684
38
27220
16
71840
10
66188
58
28246
53
73926
59
89633
4
5268
65
78263
48
94426
60
51385
56
34212
34
17089
45
76743
66
66749
60
37746
15
62481
9
64122
10
15505
22
46133
23
29055
56
42299
60
81832
21
90012
60
44411
2
17196
19
27879
12
47137
25
3175
41
98248
32
42763
2
50473
49
55610
56
95448
50
1019
62
60902
12
47468
42
70086
48
87951
36
28820
10
72564
43
40309
36
8577
29
59654
12
66798
47
85277
11
74859
54
70103
21
74742
11
4417
40
1856
9
83582
37
11825
53
73848
62
61739
11
24504
49
74929
32
29184
48
39141
60
71288
13
40087
41
2421
54
55621
40
97568
58
23965
16
55841
62
40053
38
27110
14
64882
55
93928
55
77040
50
32245
27
82308
45
45614
36
32567
43
64893
66
97282
49
19111
24
35798
54
90908
54
50442
30
630
18
54347
31
84279
55
76196
33
59261
3
86012
29
19286
21
46524
44
473
11
28932
10
17441
56
9766
57
84769
65
73160
50
15475
12
36734
21
30445
38
21080
5
55215
6
60075
59
36030
61
53382
7
14807
9
47196
44
3838
18
55277
13
95242
61
62902
3
14364
54
92138
59
33487
5
52294
1
28578
10
41800
21
65174
49
2397
28
76956
44
43974
33
72426
6
48642
17
92974
2
37940
49
75345
62
97172
4
15446
32
56591
52
9588
8
4671
65
81549
57
41821
46
49673
8
62986
38
3772
41
87499
2
78173
25
88486
26
594
10
16436
9
20167
23
43798
53
56352
37
60331
7
91672
27
51737
28
76006
9
44416
44
8000
5
76210
46
33617
58
51805
66
49259
32
73223
45
22809
15
75264
60
66471
1
1547
10
40997
36
79603
16
10790
36
85819
26
88140
40
53670
66
78132
45
68040
24
78822
23
132
43
72544
49
69850
59
43861
8
60389
4
86352
56
70939
45
10151
16
95082
43
70560
11
47283
66
74824
29
37956
47
64315
13
65576
4
18182
26
92122
50
97612
5
29864
44
83271
21
71687
43
85891
63
22375
58
66676
1
57308
42
60353
64
1372
64
48445
17
97992
19
21545
29
66694
28
16356
62
83574
30
83541
57
61250
49
89069
26
3729
21
73566
27
17469
7
54746
16
77739
27
23486
64
27834
9
75577
14
57455
15
98714
22
24702
18
42349
25
34804
47
19655
45
21841
19
90029
50
14232
20
7674
19
87453
64
57849
56
68409
57
60527
20
13538
13
26225
65
25506
54
24956
26
67705
22
37136
43
94801
56
21893
28
79140
40
85018
57
17595
40
24231
17
56392
22
85473
5
10283
1
2524
20
21607
7
90267
40
30976
37
36511
28
21444
2
88038
66
21745
24
12410
54
62929
27
68561
19
62646
19
81599
42
18631
28
19684
65
43533
43
934
15
70676
65
23946
6
50378
19
92514
38
72702
21
24679
18
26127
58
52652
10
7121
35
26234
21
87507
54
64993
60
1826
63
85139
45
33802
31
3127
54
67192
17
58673
47
13479
43
12372
40
54361
4
87834
14
98489
66
46953
35
61584
66
1024
57
6494
66
80014
58
47559
60
51909
65
66292
19
11051
48
54149
22
11380
6
26590
30
22035
7
44317
1
25635
29
8916
31
89267
56
92276
33
70182
26
70818
30
88179
34
45379
44
72167
46
89496
12
69084
36
34226
63
83147
55
35533
25
48449
40
1746
52
87216
31
6333
18
89521
41
58789
55
64914
32
52245
27
92292
13
11104
8
8385
25
66460
38
69039
32
10670
36
80438
38
71992
7
17408
45
39601
6
52693
47
57147
14
80549
65
97510
31
78683
31
61733
41
16920
43
39690
41
59725
11
34877
37
31872
54
57134
27
96393
27
75257
4
73991
41
6005
63
78941
17
71121
36
50035
16
46776
9
19133
47
63878
8
43444
63
89539
6
68711
38
25888
28
29327
44
64967
47
18082
19
82727
21
11598
15
70730
46
74112
22
94147
27
25459
45
75319
49
37422
19
11347
54
77551
9
98490
5
49322
34
90355
2
24485
52
2013
28
81045
47
76811
51
30187
24
49345
47
67899
25
39050
25
5528
55
47105
1
87779
2
70759
7
45783
8
83719
22
70445
33
38031
35
54872
40
48576
8
19079
45
11780
22
65049
37
24271
25
50905
22
6188
4
28241
58
40836
14
23812
51
53100
37
70506
63
93934
20
96659
20
73271
25
44249
33
4943
60
25516
27
39981
5
17093
61
83277
3
91006
24
39935
22
89030
66
88221
12
19821
29
40990
57
81722
54
89521
24
2000
22
28213
52
16594
9
50447
38
88982
65
35301
18
31698
3
54134
62
44052
37
39145
20
6606
53
22202
46
57936
15
72809
41
43792
26
90962
18
46128
42
50233
22
84336
22
46865
8
64166
55
60966
21
9141
2
90749
40
21543
12
41370
57
75936
40
89515
23
15065
17
3412
53
37641
59
78708
43
17020
59
12732
41
75625
4
88270
39
6657
51
95279
47
73286
50
1677
12
8661
19
25040
64
41474
32
78546
23
45584
65
71626
65
26730
30
64003
54
14161
47
60947
18
7291
59
85937
65
94370
49
73006
9
49405
37
19332
49
7385
28
90898
58
66984
33
51458
61
46001
36
97763
55
38012
16
22637
53
36082
11
42883
12
24551
31
11374
5
75728
29
50864
66
86513
28
75429
61
80361
4
11637
33
35690
38
14632
47
48855
43
96023
16
58775
36
30044
20
80416
60
22162
41
85971
48
71992
49
1714
61
83017
64
66926
27
15975
59
51724
57
75767
47
58998
64
34448
21
32828
18
32498
8
80833
22
35938
13
3104
11
51280
22
49531
35
29997
45
22483
43
90889
57
73327
7
94639
12
78898
33
96713
14
29454
57
44360
27
42288
47
64569
60
2629
23
86304
55
48984
51
9586
24
61129
29
60499
47
16026
59
84455
19
13134
30
96290
64
57604
29
24460
59
13393
14
57062
24
65547
27
49368
42
18920
13
89271
2
56219
15
46257
54
26614
33
98452
66
3251
66
69968
60
74026
37
18090
33
89433
15
82146
28
45179
6
72388
14
43301
15
32441
8
80326
1
17151
20
43196
4
28785
45
55520
26
81524
19
87737
6
92166
21
40588
40
60189
36
66770
32
63569
18
40602
52
80348
61
38995
34
36046
43
14004
51
25585
7
56726
48
82402
66
76421
47
63450
12
2832
16
23718
27
21775
7
58693
43
81467
56
61490
9
97964
18
16730
31
91877
60
65673
18
19129
43
73608
50
53976
23
3413
57
19350
50
34698
24
83645
49
32965
21
95593
30
1938
46
87385
5
88610
59
17943
53
25013
47
70618
46
80828
9
65459
62
4104
12
96952
45
85240
65
53913
12
98651
30
86849
60
82075
8
81457
34
77394
30
15659
10
67106
39
25410
20
44189
7
14461
36
18979
30
9277
13
49250
30
50488
10
37581
65
44589
52
91535
15
82240
66
13191
31
52890
16
76559
31
41750
58
60700
47
52672
4
48319
33
25484
1
55778
14
55774
34
89420
20
44801
23
14932
28
26348
28
50811
64
92203
35
94145
28
7357
52
94627
35
17985
11
36834
42
44061
33
52184
63
80602
47
67204
47
69574
32
89277
47
63978
16
38777
26
86727
7
75489
55
92040
8
95074
48
22301
41
69720
49
37088
44
49832
49
79429
7
33341
66
4069
57
72645
64
53109
12
44738
15
8459
53
24860
57
56387
26
71489
47
91144
5
6993
66
63245
57
65168
1
21387
29
12323
52
48382
24
45797
14
33155
53
48300
58
68510
58
22070
60
41912
46
64463
1
34175
11
478
66
35594
15
4388
53
15480
58
60995
9
66040
5
41142
29
9384
54
89003
25
91488
17
39930
60
81965
52
88374
50
15566
30
10204
23
95848
21
77697
43
43380
30
50950
18
92186
11
47036
37
65963
57
6251
63
91267
65
53941
8
94880
47
46702
12
30505
12
17985
10
64217
49
81109
16
22397
6
96388
8
71914
14
63349
65
11529
4
9076
36
52009
15
48715
54
93534
40
97504
26
52035
34
11149
31
38157
32
97144
60
73692
44
13727
63
75402
28
92439
10
6584
39
78856
63
52039
31
17239
59
17178
6
85941
45
49319
5
45119
27
41526
17
21067
37
61841
37
51303
50
98444
39
91359
63
48954
41
92715
43
12113
31
56019
61
93454
12
90164
31
32448
48
90813
5
30324
56
3142
2
32974
9
19540
9
85812
44
27378
63
59020
41
11434
44
54685
39
4633
45
21981
36
25585
66
29999
56
98003
15
26975
25
61424
58
51222
3
51734
24
76343
28
81304
48
84656
62
26896
38
26822
5
24534
40
58369
10
90800
33
41113
59
30177
65
56966
14
61305
45
26890
58
36817
33
71608
17
87591
14
92170
19
77738
58
58378
50
42395
22
82731
33
26608
42
45486
13
71357
56
5640
50
51298
14
34382
27
22777
54
91212
38
34587
57
85824
31
14702
51
81684
20
745
48
94949
22
58556
51
27247
20
38336
24
3133
35
53689
34
66449
6
8077
53
21001
26
65610
10
74710
12
79294
62
43206
2
78210
27
25654
41
11234
6
12545
20
8460
56
9370
24
38588
63
84672
26
27772
22
48416
8
50635
35
2681
63
59667
49
14374
13
6081
40
88193
35
53426
32
18858
23
95428
34
76165
1
87452
22
23708
24
42058
61
31507
36
66065
58
98494
6
22152
26
31873
11
66989
52
3946
20
49634
4
64222
30
36310
52
14556
49
61483
1
37719
60
41187
7
34344
30
60129
13
26993
64
45422
23
87866
43
92749
28
62533
52
54198
27
49182
20
20773
12
74554
14
9764
13
97642
50
76403
32
39984
64
22820
61
23414
47
3304
18
14351
49
16595
37
19467
16
31543
3
9581
61
74907
17
74917
44
17520
37
25935
16
92816
56
72222
40
7430
52
20655
65
7541
19
96670
13
10281
44
11659
18
78253
60
2627
31
73013
42
53086
49
16575
53
67166
4
11107
7
18853
65
46962
1
13836
51
21589
55
21314
57
44169
21
22989
63
78496
21
63971
31
8045
44
80043
66
82404
52
28560
33
36352
31
14853
8
70413
64
74490
36
29325
26
62190
60
42634
58
91384
44
68298
25
45109
46
38520
48
3457
26
66190
41
49530
1
61925
27
82026
25
66880
12
30682
3
91202
16
36470
35
29813
13
35473
58
69361
46
67141
57
11609
12
18963
34
44280
53
2714
5
24167
14
85683
20
80605
66
46392
64
11031
4
64220
12
52942
65
34001
62
557
30
56435
56
30432
4
23815
66
31786
47
62864
24
87313
3
36043
47
11416
33
90804
21
43532
24
20456
60
19916
25
22710
18
18631
63
16022
61
1756
48
21120
15
65778
13
4766
12
70615
49
64728
43
93092
27
49298
6
66487
2
65259
2
8114
19
6601
9
83398
45
90727
48
4546
56
9742
53
18617
8
95297
32
69800
28
75507
65
83195
60
36209
50
34238
34
91216
63
62502
44
33469
57
10760
36
91334
31
92156
2
93372
25
12492
6
56560
7
80517
21
14827
31
68983
59
7493
5
4705
64
76091
49
78926
31
84311
9
24872
43
78406
7
56144
37
37473
44
11650
19
85914
1
90347
64
35316
49
10796
33
6578
10
46339
37
47982
57
91430
1
55615
58
74334
40
35119
34
33719
40
42892
24
71802
64
82475
29
71107
47
92985
30
8601
8
12087
14
41726
41
49760
11
87331
43
16907
28
85955
15
59318
55
76975
24
39290
10
10286
53
17657
24
22908
52
85310
61
28259
26
84529
11
19398
29
69032
6
74633
64
52636
51
37412
9
17994
3
41781
6
27940
31
52308
44
93712
58
29793
39
79901
38
95600
24
88261
1
82282
36
74733
35
77927
26
48347
32
7052
25
62362
26
68273
46
47033
25
56001
7
48982
66
98757
37
88459
15
74764
60
67349
61
79774
22
11280
6
46474
20
80166
5
31275
63
10558
34
44721
30
56561
44
52206
27
19587
5
12530
34
45952
11
21936
64
81771
15
49829
30
10008
21
33597
66
19309
44
16601
4
2066
16
66976
34
64348
53
53505
61
3380
21
8287
52
81161
44
27164
39
32465
7
85836
52
14291
8
35453
15
73894
4
65579
37
61793
63
14757
6
82356
44
93186
12
76822
5
73226
42
32090
37
81118
48
90134
6
12622
39
64791
2
21762
65
536
28
13885
19
41274
22
21502
50
85661
25
57268
61
41309
57
81706
16
67144
31
77741
65
97639
15
75938
41
49386
37
28065
1
56377
29
80147
57
63397
49
51846
14
61699
8
52330
4
91476
53
23795
16
16765
30
52001
58
96659
65
86412
65
59227
16
77178
27
16711
49
96420
61
11029
62
16209
57
28674
60
23872
28
97062
43
79219
39
89212
48
49490
42
21145
46
74470
53
15793
41
68131
53
46430
4
34549
58
90869
9
90008
40
28530
36
41242
44
8791
12
825
36
76873
45
42809
35
17210
48
46830
35
77555
47
79039
56
23541
30
50480
50
4892
66
68937
59
77824
14
27988
31
92930
48
12902
66
32473
22
66881
61
14901
66
44666
34
29656
58
94486
20
1765
44
9881
11
3230
37
14477
56
47942
27
76436
65
51635
20
77513
23
44559
40
58922
13
58367
20
38864
29
47297
33
74862
7
45348
47
19665
29
12941
34
25157
18
26459
58
30326
60
24640
17
83247
49
23531
66
23208
47
86287
44
49307
49
55862
30
41806
56
30032
14
38659
60
97162
43
40290
47
78550
48
20930
24
51544
15
2742
42
33125
41
30285
66
64995
26
8876
53
63927
2
16936
33
78151
5
1157
29
96998
47
66398
5
78947
43
18124
1
25315
52
66912
55
16936
28
79147
16
31347
52
10875
7
14591
34
56671
32
75731
22
37277
52
51607
45
2566
58
60112
2
68937
58
87489
54
66447
63
73167
13
18166
46
75171
46
88308
57
11334
8
31845
66
67640
25
81554
27
21684
1
71321
56
48647
41
87759
42
43957
42
85941
58
42404
13
43005
63
84207
47
76623
35
21416
54
35868
41
95705
54
26098
53
40438
44
64066
55
63322
22
47019
60
93052
35
64710
37
62447
52
30519
26
49366
61
72802
11
30712
27
39609
47
2547
48
14239
39
40079
35
55241
50
22853
24
42595
27
29597
52
25146
40
4172
2
22696
48
78231
49
36276
13
2180
19
28022
25
65384
63
88507
3
67586
23
85863
64
48608
40
68327
44
45709
57
26615
18
95832
38
75553
14
16509
22
94305
18
6206
53
90749
2
20849
31
19144
64
67834
54
42356
61
75224
24
59577
28
82124
61
65228
46
41788
54
35902
30
75581
39
88050
32
56001
11
23876
13
92854
54
30377
64
9782
54
13866
6
26047
55
47880
38
20210
14
54524
63
34798
10
5233
37
400
33
40141
16
55143
40
32848
65
9784
49
97514
5
67193
28
17052
40
51864
51
28353
14
96633
11
69113
61
76516
40
26233
21
21914
10
26688
42
27990
18
2665
53
21989
43
29270
54
55822
25
1615
16
78797
39
18668
30
39577
56
26957
28
36551
28
26507
52
84218
65
14587
51
32020
11
98366
6
93665
56
25661
55
14243
48
32376
13
84272
22
89277
41
91213
47
55546
29
81433
34
97974
11
94467
20
36465
29
18594
10
9348
13
61151
30
97714
4
63000
19
55202
22
8909
66
92794
3
28640
7
31281
53
69544
33
44242
42
25713
64
56429
66
53699
24
26071
3
29618
44
21092
9
25846
63
61696
7
72642
21
43676
3
44232
42
52108
18
79168
19
53302
5
29021
49
37942
20
75478
45
94245
22
7379
11
55969
34
43655
12
49738
26
35478
20
94311
6
25191
22
38502
9
82077
11
90291
22
77236
51
66187
2
58597
8
19859
28
47908
25
56570
10
28980
30
60125
10
67372
28
20459
44
23226
26
88043
26
89790
25
57527
44
97552
11
83963
45
23081
56
89081
27
79844
17
27617
56
29180
54
12571
1
78606
58
21012
22
58487
14
21844
53
34036
28
43422
49
95595
26
30477
7
73436
40
74473
55
31822
30
81618
24
6650
37
58076
36
62263
32
38338
39
6811
46
61359
4
87161
17
67330
4
75981
62
69952
45
17421
31
43507
48
84307
29
305
53
62219
3
44572
11
13467
17
2044
51
65199
10
67735
55
37216
29
34774
54
65056
37
15867
22
14128
64
62466
37
40376
51
16623
35
91474
34
93931
8
34717
8
78503
29
10328
59
3098
62
56748
37
89674
61
19817
45
91663
50
15651
8
46947
49
85412
25
18502
42
93794
14
28737
53
4755
51
97805
21
18281
49
78781
26
60059
58
34104
65
21620
60
59033
63
29259
30
51998
48
91112
7
31352
62
49086
21
57092
12
96002
21
64883
28
27457
16
7905
16
50909
64
65818
7
48120
26
5720
10
18502
63
7664
1
85485
16
92706
15
59873
18
54304
58
80679
16
95639
21
63158
44
80765
26
70964
2
6561
9
901
59
53056
28
69865
20
71131
34
60157
47
51568
21
85878
2
53253
56
54422
29
87502
22
82256
6
55448
29
80964
45
45222
28
62093
59
69683
62
50493
34
5589
41
43059
33
87840
8
5449
66
81301
45
74367
42
44828
14
95889
16
47404
40
7327
65
74236
56
1294
9
51464
62
3980
61
737
61
3352
33
15950
19
13211
22
84257
21
43082
17
56269
1
66269
42
98564
37
28098
52
93056
19
75543
60
76469
46
26668
64
91917
48
75781
63
55586
31
75392
14
10551
23
68415
35
89784
59
65539
38
19772
8
97271
42
15059
10
41231
20
31137
61
35984
1
72279
56
92143
51
11956
4
3327
6
23614
54
59732
34
54585
51
61914
28
89050
45
75340
5
73627
51
75067
4
6958
37
17314
18
89411
46
97123
37
32591
51
29231
45
37020
27
51077
1
75952
56
70528
24
2779
23
39655
51
90322
8
40018
22
61899
41
72251
25
56141
16
17539
54
38543
41
10222
7
42407
10
94833
62
37298
51
62158
47
9186
34
45215
54
97731
23
7534
37
61645
13
47211
62
3600
39
87205
23
47519
50
92663
22
61558
66
12426
59
13511
48
26501
36
84168
47
16093
64
49625
54
34773
23
69820
61
20112
30
41260
30
19463
32
39441
32
34950
52
73207
61
32323
34
6244
40
7846
62
24194
31
5223
45
79424
34
1022
22
56830
52
52685
29
23734
50
89222
7
83622
36
77836
45
90971
57
58450
18
31923
44
94554
64
68667
56
21171
14
16833
4
90999
57
76845
15
23172
23
33294
45
24068
38
36808
41
2527
28
11292
7
64042
54
45338
10
31778
32
90476
45
68733
17
35545
57
91070
58
83615
49
85546
54
79797
27
2859
15
80549
3
94475
54
40756
16
66894
55
86942
16
10941
12
47512
8
913
10
11966
47
80765
6
35307
42
54739
40
72688
22
73584
45
90304
61
54009
13
73282
64
37485
36
34594
6
62140
6
1184
38
21804
6
14545
31
76953
56
83810
59
49384
66
72542
26
30103
60
6392
43
49874
38
89167
49
1440
10
27201
44
68863
56
47697
13
37388
24
755
53
21969
53
46770
46
13297
32
29456
14
95272
8
7701
62
69217
7
30929
61
80382
58
24366
24
96385
59
89289
33
1261
8
43873
25
42029
44
86003
1
77063
28
98149
33
44547
31
57676
36
35703
32
45494
31
18669
6
84863
48
10895
1
18358
41
98014
47
66331
26
1642
8
9928
36
54381
47
31256
4
67612
55
30498
66
59289
47
84010
48
55415
39
54917
66
33732
27
73734
12
96446
27
19549
36
2201
8
35176
47
35646
44
80259
7
83828
38
70863
38
31215
58
1423
37
82768
65
21434
25
55778
8
53991
43
56125
29
16631
21
90014
12
6588
13
38263
45
95931
17
43065
11
65203
50
23826
18
19079
6
27215
11
93305
41
96968
47
70094
16
61606
65
46352
9
64727
38
61983
29
10966
2
73565
2
24216
26
78449
45
7993
33
60106
54
63275
27
55497
15
33648
19
4469
23
56212
21
79929
61
41097
11
34460
63
19186
56
1732
35
80298
9
8892
7
28664
61
16171
63
28176
58
13245
48
73818
37
82118
32
63225
23
90700
8
97606
5
75228
64
43495
28
19961
16
4189
33
96470
62
59306
29
29819
64
45486
47
74853
21
58173
44
34524
63
67701
24
71725
37
4353
66
40122
19
5028
24
66793
26
27745
53
56715
23
58775
10
52673
18
80077
13
88059
59
5510
36
36568
38
34746
30
6067
6
63147
37
769
34
73139
54
10324
19
1939
30
70451
66
86503
30
34674
40
49486
53
72061
8
3086
56
20185
42
52371
19
89685
41
74430
26
77896
63
52458
62
59349
22
19233
42
25759
35
86685
58
25355
28
83770
6
58996
37
20857
20
53737
56
9967
31
92859
59
40149
56
71073
23
68008
14
39399
46
18921
24
17950
64
56125
55
14920
45
48116
64
94404
50
49273
12
82188
34
73884
53
57720
58
97228
41
35748
66
19748
32
66455
4
8571
30
24784
17
51263
29
78668
29
65579
54
48006
34
8915
50
80089
52
623
61
8924
31
50611
48
24959
24
76819
26
54947
3
98685
9
11411
30
10366
59
1089
13
53106
46
759
48
1170
60
77790
30
29520
23
92539
45
33202
4
24934
56
43588
23
72520
19
3874
11
48259
49
95462
54
32077
8
32184
60
705
52
22226
53
29146
48
15384
15
71166
55
78528
46
57734
62
10795
19
22988
61
37507
54
27461
50
44100
17
50788
11
13353
41
65643
42
85590
46
30180
13
19552
4
42616
45
4230
35
10123
41
34193
13
46917
14
64868
65
84105
9
60923
6
88244
31
37627
34
81132
61
58618
63
8786
66
12396
22
9626
19
59167
3
24881
65
82902
55
27967
10
22769
31
52001
15
13040
37
70926
39
84682
53
15603
46
51784
62
42902
50
27441
56
91987
5
84883
31
16282
37
12891
22
35412
43
10683
9
90220
27
80840
17
42723
19
63590
53
16116
11
22019
33
70356
60
73698
9
1514
46
39223
55
25892
2
62183
49
18846
60
73737
43
27923
40
86181
43
92075
46
53564
10
2398
60
57781
59
14746
5
85067
52
81574
28
60258
15
30375
60
62597
53
23254
7
86551
27
75450
55
92377
34
35776
39
65211
18
24384
3
74145
20
87968
65
101
30
31610
44
29205
45
47642
44
48572
13
37798
53
23999
10
14958
43
38899
56
47266
53
50381
20
82083
39
1659
20
85671
9
59853
43
12812
66
24841
64
710
34
53729
3
23209
2
14184
50
32486
28
47258
18
26299
8
40833
13
64908
9
37591
47
92171
33
68177
2
6659
47
82864
36
43119
31
83503
41
3292
15
55383
25
19102
38
51348
40
88367
41
32072
29
4341
41
32094
11
18914
66
96658
43
35056
21
51267
35
91874
61
89343
52
40840
57
39917
45
84356
5
11102
9
19609
37
51368
37
33055
7
87793
28
19772
58
12516
58
29756
16
74787
37
57011
29
80486
31
14630
26
3909
21
15320
39
23101
40
22412
42
90091
44
74498
40
16049
6
11226
66
14760
60
72872
27
30282
42
21421
18
7274
17
79761
32
51461
11
2888
13
90056
54
47037
28
7998
19
92054
24
48623
61
74142
57
5503
37
41573
37
98571
36
87405
19
41812
17
89781
20
5190
45
36733
15
77324
7
82122
19
83223
16
75282
26
18796
30
81811
56
96545
63
41214
28
87353
27
49653
14
31157
40
63570
45
7320
17
54182
65
51549
56
34730
30
69466
38
14978
61
54680
50
9690
60
80311
13
47248
64
31521
65
90773
45
81413
38
81912
25
53973
11
31939
37
21650
29
11708
20
43986
63
56762
34
50320
33
96897
66
60281
3
29385
9
28635
21
94596
55
52511
56
4884
21
76116
39
79289
49
9251
43
38202
15
20815
40
56775
48
64075
42
61520
65
70923
3
37410
51
29925
8
67358
56
37065
24
79170
16
44744
17
34697
63
66261
51
21209
21
12322
60
78050
5
11115
8
35936
59
4742
59
84516
63
33818
17
37225
6
18048
60
17781
45
34876
21
57502
18
71745
14
27007
47
64605
25
2698
39
66344
30
7971
61
89316
31
6473
54
26244
29
79591
46
97167
32
60727
44
52462
65
22153
50
18820
40
30094
40
1645
9
85325
45
91493
50
38888
3
22196
47
84252
1
84994
56
16312
23
4705
19
39688
12
61776
49
6716
14
33163
27
13034
5
80516
16
27655
62
3693
11
60300
4
13648
52
62314
41
16133
8
19468
1
16052
48
8571
32
69258
62
44039
14
410
9
68460
59
84393
55
46265
48
92103
16
87211
53
9440
60
71204
64
61586
42
65555
3
37233
46
37327
55
76849
65
6188
11
86714
20
84744
24
11286
22
76163
22
26535
60
18016
28
9552
5
64102
56
35663
39
30350
62
69925
65
40891
34
36336
62
36261
26
93126
23
56952
13
73872
33
22272
38
46734
31
56945
10
83153
34
11135
12
20146
59
95823
48
3361
12
67628
39
65872
46
16950
19
30143
18
64381
64
2174
39
38790
65
12588
61
69693
24
84223
34
32417
42
80326
5
94952
45
15728
53
1443
24
7225
9
24357
3
63913
12
27434
37
48848
55
84808
26
28117
23
68482
13
32953
63
1540
35
41727
61
63711
62
11222
35
42764
38
1188
15
65695
26
60827
34
45826
12
69113
2
37676
22
57122
1
53331
44
89401
60
87197
50
26412
30
74137
40
61607
62
55395
43
47364
43
30968
33
33496
11
64245
2
38138
55
69583
41
88784
33
51376
40
94536
38
71649
25
95176
42
55691
29
26320
44
88896
14
81882
40
39309
58
1262
53
58621
31
77439
13
70526
63
24418
50
70541
3
87755
24
53494
42
89290
11
22178
55
50162
32
80012
24
3312
37
64228
44
74667
32
54468
36
92736
26
27015
6
72163
60
72536
61
82713
53
11161
11
67311
46
51599
53
66986
32
27136
29
97762
19
13120
33
7670
48
13063
5
79462
12
91827
4
24201
38
9991
52
49816
28
45843
16
45329
19
25986
23
84636
18
57623
32
22728
7
13801
5
6849
51
65037
27
73723
12
14839
43
96151
43
97116
8
62392
23
52856
48
2649
22
94208
44
30725
54
85624
36
38723
60
91692
56
79051
37
29161
44
60538
66
81871
28
95507
57
59175
48
62076
20
54560
5
30685
60
29317
63
25161
45
37818
23
82049
14
58376
1
57327
36
47462
19
16126
12
31149
30
42211
34
81840
54
92066
11
19972
42
5583
34
71208
2
74029
30
7118
35
1153
65
70515
25
17624
10
45161
4
41750
44
94206
28
3944
27
4635
4
33406
57
52652
50
74487
26
50742
57
84763
12
42194
44
30292
6
74796
63
34919
54
55405
40
40403
52
30105
4
5903
25
18875
9
60819
12
15238
48
5807
46
4554
61
41786
16
18341
63
75284
60
73915
55
61204
55
43572
38
85669
53
48869
49
81612
58
80200
32
35973
12
21541
18
39556
37
77730
43
26635
26
74550
44
56826
46
11219
61
77245
64
79235
19
35114
23
45181
29
4838
59
55796
42
88625
65
90248
19
9983
10
68654
44
28277
2
62664
1
5472
53
69910
39
45106
14
9930
32
60864
20
8896
25
61528
45
2365
30
84369
66
11888
8
38041
50
64923
43
37609
30
29401
34
9652
2
20723
51
60779
48
61758
61
53715
34
78776
30
97159
38
82510
34
32625
40
91478
42
33686
47
86288
42
82606
38
60260
49
17833
51
4244
8
87343
38
40327
64
87997
19
58004
47
28474
19
92915
20
27185
9
25536
2
56097
22
53791
35
23754
36
1556
34
45567
62
61083
24
62667
65
53857
59
59607
16
42952
38
15553
14
51692
55
38056
64
953
61
25442
37
48094
5
87139
22
20796
31
32196
48
25617
4
43432
28
34666
47
32196
36
45374
9
94049
60
71369
57
81820
25
19194
61
81170
14
52172
7
9924
66
20956
17
57649
9
92150
30
52717
50
62832
10
31323
47
45853
62
55260
40
92419
39
59940
31
53220
13
9569
46
75337
11
66362
23
98117
29
92207
9
77347
26
90152
17
93608
28
79081
62
57369
42
49120
18
51894
65
42290
15
50487
2
83582
22
58144
47
24119
10
95078
24
79741
27
64058
51
12981
11
43591
29
13206
56
9219
52
16735
56
93286
42
33823
31
3179
23
96236
16
74570
13
83366
57
30229
62
26683
17
10439
8
57092
40
59884
6
87314
40
38820
24
97870
46
29000
4
7376
59
39258
45
7834
51
61955
65
71518
34
28781
24
9753
29
46153
46
23093
61
6856
43
62883
43
43756
3
18833
8
38493
24
33036
21
91883
11
9041
23
4407
59
95378
18
69460
14
24797
65
49057
9
49223
19
22652
55
91687
22
16795
15
79489
61
55940
5
17148
30
81485
57
6346
39
59136
7
69792
34
13175
56
12570
45
62708
28
22672
64
38787
45
36503
24
5041
45
71974
55
338
38
49856
20
62470
2
71004
38
201
9
1519
53
10142
7
51278
13
56480
46
65928
9
8683
53
86393
48
87965
22
27548
39
97577
65
14874
1
53133
18
36178
35
95709
12
81845
7
65527
26
56078
23
39222
5
80535
52
8946
5
5926
1
79619
58
79682
54
43191
45
49559
11
13015
48
29413
18
86052
48
7208
26
67615
51
32379
29
40934
4
6014
28
39687
24
84147
36
1311
42
92833
63
66306
25
65486
61
66469
43
3980
58
82376
53
93087
19
53810
12
80356
37
56678
66
48738
43
81748
56
88053
9
84253
1
23023
1
94916
63
7348
54
73376
6
64096
1
74041
57
62865
30
48447
5
43313
18
57706
33
902
29
41288
21
75827
48
45385
41
48697
24
60527
23
47662
10
14576
51
5926
47
96100
37
94047
36
74365
65
23704
14
41987
63
95990
23
94738
5
54426
31
19049
55
24948
32
88912
4
60605
18
80553
56
94961
22
54152
2
17951
11
82765
28
75683
9
42053
10
51838
39
8037
28
59310
37
77647
28
23672
64
96951
65
55826
2
74425
48
90302
55
41624
15
94009
46
95152
42
80713
41
60340
66
53933
33
71551
62
3224
33
30232
4
15276
26
63513
61
80968
14
48380
19
96145
38
28011
45
31970
42
46307
51
51208
20
5318
2
55097
22
16815
65
84709
20
62119
29
22808
51
57925
33
24001
34
43150
39
25724
11
30802
30
18126
46
1757
3
80710
31
6688
25
80247
12
1699
33
66332
6
18282
41
71584
1
41780
16
91643
62
85507
11
14139
28
58370
66
5192
36
43362
42
71628
46
36411
11
1916
10
71316
48
57321
30
40082
57
20209
15
70773
8
39317
52
64078
41
76569
6
19389
21
26311
5
84233
27
32345
10
58737
51
21149
4
41280
19
74180
43
14958
29
81254
66
46423
9
91048
19
13044
34
92307
15
30567
20
21746
44
33686
46
88308
59
49547
40
35471
11
80672
65
52012
27
2872
8
76375
31
42299
51
88278
55
83660
43
90207
36
9760
31
72020
15
58533
1
28099
1
58950
1
14295
37
43234
45
34688
32
54534
57
31307
13
69288
15
52635
29
63614
52
66939
66
63589
52
83127
51
31416
43
53889
58
45701
63
76285
30
78992
21
5926
25
30258
48
25729
7
22588
33
24841
21
54309
59
19238
28
4889
20
63509
37
58294
22
19798
65
66697
28
46072
53
53468
34
82109
34
35537
56
15451
10
21477
37
7985
38
33400
54
9762
31
85802
16
47653
55
55396
25
62030
26
32346
5
76308
52
20095
57
63873
66
3521
2
60555
60
24677
61
25603
58
88280
50
65038
44
42286
40
85272
66
61003
42
50764
2
28511
4
41088
55
10132
12
38964
41
1748
27
9596
26
8239
6
80110
15
2095
41
62235
24
75011
55
51752
65
61617
3
9419
59
50343
52
60244
3
80626
57
89425
30
1725
35
24354
65
325
57
50674
49
13926
53
52600
1
1460
58
51685
7
57460
52
97578
23
93967
37
47440
42
30377
47
6258
39
53407
16
4329
1
87885
10
178
3
73861
35
5441
52
48900
32
67504
21
26356
11
49108
54
46718
47
45537
10
58413
4
34920
66
76926
6
65765
45
45762
57
78516
52
88450
38
9200
7
39270
6
17201
26
30209
9
71646
8
22983
36
27309
45
48246
52
77112
43
92286
17
22055
50
16750
63
28413
34
36951
32
18029
65
44335
16
25863
52
40851
65
38037
23
89993
17
27641
20
77934
19
47679
61
29819
61
1691
43
49479
26
64688
60
17081
57
51283
58
34397
9
40609
18
24250
56
46267
13
74645
52
89663
39
39255
44
52694
12
64886
62
47973
10
60988
15
7256
46
22127
38
11560
42
37974
15
4111
55
64269
20
80043
34
66478
27
74583
25
86456
63
62086
19
66524
23
21979
20
89051
46
14148
32
74389
62
10860
22
35459
64
60753
3
78643
8
96598
28
39059
22
72274
7
75353
10
78596
17
40892
6
41595
23
19938
49
44813
17
65416
48
44689
54
91773
65
14987
29
24392
54
47836
45
3526
34
41729
61
35920
48
35375
58
59467
26
53886
24
40822
8
36437
32
39342
58
95919
56
11833
51
33401
66
67966
5
23223
60
68850
60
15585
39
32373
2
93792
62
8852
63
36179
4
86058
56
77074
29
50640
30
32742
33
33480
7
79326
23
24387
2
42933
18
16600
27
54752
53
92559
31
53747
46
71957
9
50982
64
83652
37
53648
41
1626
35
64357
63
23209
9
40850
54
26402
64
88294
4
33969
39
2279
56
81985
15
80147
57
24056
52
40958
61
5722
56
67708
25
67019
27
96891
45
95232
7
54523
33
87554
5
97193
19
35445
2
98027
17
14280
27
35482
17
49191
56
39157
10
18363
17
49378
22
21746
46
19781
46
82536
37
3402
3
28850
49
97520
54
13520
51
78592
36
76589
7
52015
55
2510
15
78330
53
72447
33
60284
34
12573
43
28775
39
39708
56
47334
48
18041
30
24754
15
92572
4
58396
23
6726
30
53690
14
20319
60
28170
46
71585
24
44806
49
17146
54
7081
34
89820
25
25330
32
28240
54
37479
61
39702
3
69385
10
24137
64
95807
29
29185
64
19834
42
54049
6
34907
16
77696
36
27294
38
84220
59
78141
66
64955
58
78010
45
87771
50
57202
65
89990
22
83820
52
10697
52
36165
7
28845
23
85716
23
73810
59
8731
43
96110
15
93932
22
97576
2
21369
38
77279
8
55905
16
74241
51
90498
31
23578
30
19338
41
57931
56
9663
39
53793
56
68123
54
62415
27
58194
64
49069
58
36110
16
95893
57
29534
46
66955
20
84223
62
14009
39
90853
6
76236
43
65153
32
46458
60
57937
6
79619
47
89056
42
63902
42
19375
63
96177
61
70328
3
31333
11
33906
50
85055
50
43903
46
68429
7
42875
54
33759
13
96293
18
86056
9
55620
31
85568
29
41507
47
27784
53
16225
42
29358
33
78377
49
75046
20
87248
20
35201
14
96790
52
47446
21
17039
51
92992
66
68947
16
95432
32
80138
42
34751
19
5296
62
4432
19
48818
56
25829
51
37801
53
12584
37
31918
26
527
32
90159
1
85487
20
44379
12
82066
42
85920
2
47927
2
62981
57
75002
12
59112
48
75947
36
92039
9
36001
13
59579
33
74773
22
93489
17
30308
20
38949
51
74824
26
87033
52
53229
29
69082
27
21127
54
87876
63
20074
35
31589
4
63423
40
78779
3
48057
66
46037
18
56122
30
37875
21
12237
39
11874
64
64498
21
84149
34
13701
41
22743
38
27146
54
88154
63
23773
61
38034
37
37521
46
29296
55
91199
14
45514
14
63743
62
64414
59
62060
55
36728
27
86544
37
67574
28
22442
66
43546
10
74176
25
23278
18
37340
40
17427
31
44235
36
90241
63
66209
7
14785
43
93315
27
13844
27
2900
66
30823
44
13515
20
51758
24
78110
33
60730
28
92881
51
90452
42
49608
66
70653
22
11980
37
62136
58
55567
57
19490
3
84244
6
66859
44
35886
65
30920
27
31938
37
57485
11
88834
28
17935
9
72743
29
24665
59
18375
8
42992
52
43372
64
32193
23
92478
50
82794
22
91861
26
31983
4
58721
30
28413
31
61575
43
46906
31
68863
8
57500
43
19091
7
36116
48
95485
24
12520
60
21613
51
15062
60
6923
63
38124
18
52804
38
95759
52
3665
13
38390
18
96538
42
66878
23
61103
12
12674
36
51470
25
60552
49
89298
63
74966
17
93204
58
46748
31
23810
48
15933
41
21692
26
46587
59
9566
54
93774
39
57623
34
40473
41
20104
44
26460
31
58992
48
26397
21
96736
9
12492
61
64372
19
73533
62
20208
21
25728
31
2064
40
89945
2
1844
55
52443
27
74818
44
5016
59
78681
33
83383
54
90342
55
10042
66
10872
43
59251
48
85217
60
70248
43
64908
28
45025
20
79983
16
13599
8
59720
3
14599
46
42157
20
87574
40
46978
26
36264
59
75485
49
14462
24
47262
55
75364
40
62695
7
11875
16
50801
13
37832
2
81642
29
64051
16
54958
28
22343
28
90519
22
9877
18
36982
65
9650
42
49090
35
693
23
12441
18
21906
3
89521
34
44914
5
60890
57
1868
17
91461
11
87245
42
65459
42
91531
55
41984
58
37067
37
87794
44
12777
31
49425
9
1623
50
67327
59
53413
11
51394
13
58151
26
32985
24
53083
25
65285
23
75763
60
74818
9
48739
2
53022
3
87459
41
31089
56
69834
34
78791
61
8529
6
64273
61
49779
61
4780
57
32276
20
18928
15
70903
16
859
26
57801
35
79146
31
34279
13
30823
39
30026
7
28221
54
85275
65
49943
2
79853
37
30208
49
49927
48
1310
6
85392
30
28530
61
57986
57
21781
3
24057
25
91760
13
318
41
38916
28
48
53
62107
62
66375
55
89931
14
97492
2
93261
42
72145
25
15239
48
76303
30
59583
36
723
52
96561
60
47034
36
33866
32
14824
47
48422
50
4489
23
5646
62
70692
22
24557
6
98540
14
76060
43
35096
47
73573
56
61590
27
33917
10
57478
8
88045
60
8495
4
96803
36
49008
35
73313
64
84637
59
93625
40
18775
50
62000
26
37819
39
36245
61
16841
53
40065
47
41406
15
94341
47
46842
56
1342
40
24604
64
88023
63
29802
64
13401
43
25841
26
62270
51
60322
6
26890
15
19807
35
13162
31
28519
47
17459
53
90862
7
66756
22
20940
66
58182
65
80576
31
23048
58
84571
46
60081
59
81393
2
40209
57
91058
11
34556
16
54807
44
68915
58
89454
24
48666
39
41606
12
74290
63
69415
41
61379
58
51244
64
11871
52
33329
4
8072
12
20975
45
33082
48
46720
27
28439
29
60610
30
2185
50
89847
42
39464
39
11843
17
74756
11
92656
40
82171
47
38052
15
40052
11
81239
39
47103
2
82029
53
10797
40
64690
14
49913
40
1632
3
45240
4
45809
5
13302
15
19673
59
83663
16
95921
3
52657
3
21841
7
22838
32
31821
52
12501
38
78388
28
66266
42
89862
34
49411
64
67767
12
49033
59
44537
62
38390
15
32277
41
60786
38
49883
45
38705
22
84244
52
37708
26
85473
15
27565
9
66537
5
35539
27
55519
2
88708
35
93298
66
93343
39
87658
33
85496
42
22300
18
48257
29
96262
18
32410
39
18291
38
26505
46
64273
46
67112
15
58350
5
18219
52
8514
23
10452
10
87288
42
5178
47
64965
58
81319
5
20217
31
54870
35
18774
66
33028
4
51429
9
5764
8
28335
65
55897
20
73489
16
83365
18
44573
41
5840
52
29325
25
21588
7
46665
60
60775
55
76813
25
75671
62
93702
55
91886
48
69892
20
36546
22
60541
49
14519
36
72687
51
40732
14
39585
17
28201
20
40109
37
61400
37
72251
23
97276
1
98159
9
58007
54
70697
57
18604
38
70743
35
44180
24
96025
9
46607
39
19998
35
94707
56
91491
20
73412
15
87353
33
72057
25
56989
50
16030
60
63477
18
81103
36
23942
53
53348
17
44104
40
70933
56
95616
29
14743
64
47660
52
68164
32
91599
60
86562
23
57365
14
57488
35
9775
33
97388
47
7154
55
64188
32
89618
59
20103
30
77813
8
62182
64
40980
32
95060
58
62758
30
71164
53
55405
10
89782
43
32473
20
47467
42
30179
38
17077
42
66310
4
16248
19
90507
63
22065
39
85751
13
60410
28
13210
20
82585
58
65669
25
45907
61
85779
37
66731
44
65649
60
13534
60
56474
10
11014
58
48595
61
74010
66
94345
50
4081
29
50550
11
46072
13
25580
58
59741
8
68559
62
20491
9
29216
21
14854
53
61006
58
92875
52
96123
16
8790
65
13368
32
19823
18
87833
62
65224
40
30099
54
30742
53
43460
41
82470
13
56514
47
63101
62
84510
39
2580
2
57309
5
29355
45
13139
66
39409
29
52232
63
9829
30
95571
31
98509
5
83416
36
4510
36
68669
36
57500
28
64090
15
47848
13
66432
15
91896
47
23150
27
95951
26
52725
41
88894
21
89191
35
67922
42
40197
58
52834
16
34146
31
2598
64
1834
18
24216
21
18177
40
26412
35
98288
4
86870
23
85505
20
31163
22
65462
26
1636
23
54745
20
19270
29
67972
27
22487
24
56004
49
59316
47
52072
64
6824
54
66875
66
49159
33
1139
12
18990
66
44356
54
4505
61
8032
28
47737
40
19438
47
51697
11
95188
64
48812
35
16291
33
29531
13
27568
4
83992
40
8973
13
349
40
7417
5
93038
4
64295
34
59248
32
79118
60
27528
21
43095
3
40378
29
19294
60
23051
18
94057
5
4976
29
57819
15
37229
22
27789
42
86522
14
13637
24
43651
30
4491
37
80922
18
3564
7
10245
48
12870
3
47597
14
85340
56
93368
4
31469
50
24259
57
45565
11
75028
52
4265
9
7429
28
98030
8
4277
33
92640
47
11554
16
37217
25
37976
5
74087
47
34987
6
73868
50
75808
17
89366
21
32831
1
61641
32
9842
47
92420
54
46343
61
46650
29
33698
25
1741
23
84351
31
80228
42
57996
25
21147
65
33149
6
52176
2
26631
58
56643
30
14448
21
75117
64
32858
12
8697
17
53375
29
63637
36
14811
55
36516
4
54220
56
24894
23
1695
59
26977
65
76896
13
93160
46
84350
44
76926
7
93599
45
13943
56
96634
41
80839
52
23331
20
90101
36
55896
62
16456
33
2935
23
1082
55
93118
49
6798
66
10426
62
9795
3
29544
23
92348
61
88015
66
90224
7
3078
50
80884
7
21774
29
84899
54
56029
25
83468
14
62388
49
80822
6
67693
17
68412
59
41535
19
52785
1
81956
43
37103
45
39946
43
37204
33
34246
64
18219
9
41995
58
85575
56
83096
31
70464
24
50501
22
20001
44
79728
31
85815
59
41239
41
87007
52
65629
45
68601
64
31606
13
97044
8
70667
14
67958
36
61382
26
52870
14
6046
18
68781
42
63123
45
28554
36
74997
14
53534
37
34029
62
86442
28
82259
33
24531
62
57926
14
71460
15
90787
36
90801
34
47194
33
9173
50
96226
13
31667
5
56132
6
745
8
39079
54
82283
56
61625
13
69880
52
44093
37
53401
53
77327
31
91942
51
14536
37
97907
50
21143
51
19903
20
19441
49
90013
11
80577
28
97928
7
45236
38
74500
45
70474
64
66102
44
45415
17
33473
3
96142
56
61231
35
75789
58
2739
62
36191
61
27031
6
64060
46
38047
20
26818
28
70380
2
57446
47
16607
9
51732
27
70341
55
32197
7
69426
59
51576
13
14304
49
36090
19
37902
3
30710
38
92946
39
7927
2
44555
2
58410
65
72611
10
570
31
16953
8
84207
17
76173
26
44642
35
31962
34
38030
52
93074
17
53210
45
92819
65
83983
28
28034
52
72531
13
88305
41
96448
28
91849
34
6957
9
5154
6
71354
56
15488
62
69077
27
84007
6
25831
3
27687
22
29123
17
51369
15
24860
1
65066
35
8082
2
61648
9
69235
20
27777
33
78769
22
41775
41
6009
22
92505
30
70491
6
35011
63
92484
2
22008
4
36746
58
80152
49
92267
8
42792
50
54218
5
79165
57
81299
11
59668
39
68309
15
70377
38
21972
63
48392
31
55411
39
96585
50
94503
42
51938
16
88970
54
49928
57
64733
3
10820
42
19089
38
30929
10
84884
38
86833
49
66753
27
6544
14
93777
2
18504
22
16982
60
25318
13
84257
22
62520
28
93120
52
48057
32
93361
65
76175
59
86146
22
63895
36
72434
15
2890
64
14475
28
15717
25
58786
4
52369
33
90260
17
33501
11
82707
51
87369
29
66950
26
40068
48
24568
37
21293
7
40531
60
74311
25
10965
34
39769
38
50996
38
34878
4
64315
42
51010
50
41420
49
67469
9
76677
40
92801
62
9150
12
57473
37
14028
43
27226
61
98278
25
50961
1
54502
38
95946
54
98681
17
93714
49
21965
9
76995
48
83437
65
704
42
6005
62
58142
36
22935
52
21191
62
95637
36
65117
16
29092
43
58102
17
15987
27
28337
63
32251
53
79718
11
5087
60
30077
26
41941
22
84018
43
43458
24
11216
55
73540
55
8254
24
77004
46
12660
27
12662
23
46301
14
47937
54
6139
7
35549
32
78444
45
21969
66
15321
46
53222
30
13419
15
12744
36
15796
43
25437
2
12770
48
84571
60
48985
36
6407
42
33673
16
34672
65
97194
58
42877
55
22150
20
4218
35
19257
56
14399
47
89904
12
89088
13
18925
29
54871
5
22726
8
14730
9
21217
32
60221
30
72040
8
24625
49
72018
17
64479
32
29010
57
31841
16
28327
40
63274
22
58239
53
74609
11
86189
18
71831
54
59586
9
15168
6
27552
17
12046
63
50435
9
94218
44
87290
25
35554
16
61248
10
37480
49
48931
21
8194
33
85225
23
9788
20
54077
61
93102
62
97446
1
53010
33
73141
46
23959
23
28663
9
67226
65
58520
53
13193
26
90372
26
13098
21
54567
29
73349
33
56276
29
69339
29
86962
34
4041
1
77864
63
38351
23
21600
19
98261
1
57836
41
33148
20
48759
37
86598
25
91286
33
56311
2
6003
44
81927
46
67575
17
18592
1
81417
19
90088
54
3505
58
55968
48
57850
50
70766
36
97257
47
30429
47
46643
54
13814
17
91310
45
10518
3
39501
45
71011
35
65951
54
84466
3
85419
48
95828
28
52738
24
36532
26
43184
31
79059
7
58366
56
61885
47
83863
61
73916
48
58224
26
64103
8
45876
5
75255
59
35571
1
69339
5
43219
54
29717
64
19930
63
92532
25
57650
3
85193
63
3559
22
54845
52
6013
36
66786
50
44268
49
25641
30
9495
48
9460
52
75369
64
26215
59
54540
2
52994
39
58462
65
47713
16
56213
2
20471
3
49408
13
63368
32
45485
27
74985
2
25512
39
88979
25
28840
39
93264
61
41139
20
24350
25
17728
28
81661
58
4764
58
72008
19
81596
29
23430
27
36290
57
1974
12
16100
28
39645
21
83826
59
66842
59
4459
16
91867
53
95970
2
54650
65
4027
33
62327
49
38678
2
88079
56
219
13
65292
5
69802
56
45142
7
47908
32
46384
4
42789
14
92637
35
28993
33
28951
3
60900
47
41451
3
43642
12
2944
1
45715
57
80467
39
3622
51
10093
12
82397
61
6639
10
27686
22
14203
53
81638
59
40975
58
67729
47
53494
13
32208
28
47989
11
10434
33
52763
64
94385
33
82764
38
83985
50
87742
60
38891
42
14853
26
46157
6
4934
63
15087
22
70646
9
24202
14
60590
9
17294
50
44796
5
75992
61
27437
21
71155
21
16150
24
87275
55
87007
23
93573
36
62725
31
12088
11
78146
9
50973
20
23616
5
82259
26
94900
1
25907
6
78672
46
23117
7
19422
14
31270
6
68518
58
63771
56
49940
2
20285
59
66098
16
65279
11
44575
34
74436
45
75382
12
89591
25
97621
4
95169
48
53633
30
54729
9
31378
1
66694
26
56245
57
66389
65
78777
41
2112
56
31061
57
90872
35
96293
57
18669
60
29781
13
92627
8
16412
58
20833
23
40750
9
17589
18
80937
11
7921
19
89614
61
64716
33
50818
1
74036
44
32745
55
14484
7
10254
37
38726
29
44395
65
5177
57
46266
40
53663
35
11810
42
78242
26
53586
23
62668
42
43501
53
13302
56
89888
54
58441
52
8129
24
8161
65
90379
4
96031
4
19124
22
36195
23
69037
31
69412
30
13084
7
5396
7
66445
6
86219
5
66714
45
84870
2
62067
46
11921
1
15045
30
75984
45
22263
54
50867
38
63247
34
18735
20
11251
55
21786
24
82889
38
84030
48
22796
53
69916
50
93461
36
69213
3
6789
33
76955
29
89826
6
14323
53
25200
35
78569
7
28939
57
85905
35
38374
9
42025
29
85100
45
84357
20
36289
35
64577
27
66627
50
6557
18
26016
25
11025
18
96093
19
73159
20
46881
53
25107
64
50516
59
69543
14
56558
35
72637
38
23447
41
25459
37
13406
12
58713
4
21060
33
66535
13
68001
25
52967
56
51912
35
66920
40
41085
11
81218
41
82134
51
23952
36
53258
61
29363
61
33678
15
83926
20
27357
48
33020
13
26208
13
87153
9
62023
57
71061
66
56173
33
67865
32
52888
52
41245
5
13093
7
83250
55
89218
26
40401
34
73058
42
12784
20
91529
26
43921
61
90041
35
36245
38
82206
58
28247
12
6270
24
88625
50
72931
21
82196
10
94089
34
40460
32
28781
26
68347
23
51769
41
24487
62
45363
16
65102
3
55875
49
26270
56
78163
44
58414
63
89653
29
13874
38
96967
64
41734
45
81383
36
55373
12
39608
15
18524
61
67300
45
78022
53
14654
63
82385
11
14690
32
34700
40
12333
17
98594
36
96502
48
66190
43
90998
1
87395
62
37398
46
53046
25
84612
65
60838
50
65514
60
44849
28
80323
3
89980
32
70875
30
50182
21
2128
4
61265
24
28361
28
15326
23
77987
20
54451
23
76387
33
75666
39
52062
20
6089
25
50906
16
83477
63
95259
23
19650
46
71130
66
45229
42
28083
65
89068
59
91558
63
77991
37
16932
14
11037
21
60026
33
56259
57
5132
51
61865
55
82617
29
93212
30
91166
59
63486
23
56089
45
73623
59
67355
8
89655
54
94938
47
92721
7
34521
31
11801
5
54545
28
32792
34
58490
20
71099
34
59247
24
90257
10
48357
38
15030
8
38094
38
57455
34
93729
3
66305
44
30239
39
52616
39
30914
58
97471
55
16702
32
88612
19
59406
41
2871
4
76197
12
9015
12
76696
42
75089
23
57636
1
92955
12
4774
32
21008
4
79383
65
26663
64
54408
56
19849
4
26987
2
43113
58
48180
1
83214
13
7470
48
87189
34
32134
43
2705
49
40957
40
9633
35
64815
60
27863
34
54852
25
58847
9
39829
48
378
27
7121
8
70728
30
14124
33
94490
31
11015
17
8887
65
58371
58
8502
45
16091
21
349
3
76047
8
29580
25
64085
6
28025
65
50154
43
6704
59
25166
21
48389
16
96642
55
57905
50
72648
21
24022
51
83287
9
81060
8
85917
59
96186
20
18315
32
54480
65
45167
26
32380
40
95678
18
60640
57
94666
18
28941
65
14287
19
63489
23
86308
59
64741
40
61014
9
23914
13
55596
33
51827
30
29407
14
23823
17
1179
46
41045
38
7860
43
48781
58
83256
64
23645
17
10269
10
32931
12
28034
4
32213
14
5257
54
20926
9
14151
11
38236
42
65487
17
97545
31
44844
54
9125
37
21697
4
38967
47
79176
57
56138
42
74894
4
95837
46
60240
8
2705
26
12709
40
83835
66
14677
1
982
18
49515
10
30253
22
65849
7
26738
21
14757
29
67635
37
93560
25
39293
41
50549
9
19404
32
52636
28
18655
11
10647
35
91
38
11090
56
62375
13
46694
11
47477
54
81046
16
93722
58
6065
33
11882
41
8946
9
37542
32
51253
32
59398
15
69229
55
24041
13
34701
4
87794
36
12972
30
35733
28
34808
53
16920
1
25919
65
18173
29
74383
43
89437
10
10379
4
71652
58
32461
52
33861
57
41476
51
80569
8
77511
66
67325
46
58668
42
55646
49
87122
36
81568
17
38867
21
60392
18
16890
10
73900
47
3034
24
51998
63
78140
41
93028
44
73705
18
48903
46
32662
25
17222
14
58756
26
81952
54
45008
44
2800
52
52297
41
82626
30
13045
33
72713
42
32100
64
65486
31
68590
4
25943
43
69431
30
97566
34
58434
39
22129
34
54932
55
58324
35
96962
51
20279
16
45455
11
43424
5
23882
40
92608
36
30536
21
65490
57
5492
16
83743
52
48094
39
86920
46
73273
54
82027
60
74781
49
64677
12
30348
19
41838
13
36650
59
31476
39
44856
27
11581
52
26980
19
24006
28
24451
20
14456
35
49514
20
2807
35
15609
54
78331
11
35151
51
46778
49
37648
60
50072
5
20630
21
62208
42
13376
21
1785
64
89414
47
85560
24
20577
8
22641
3
77200
55
59733
34
46119
15
41255
7
67686
57
76516
25
25808
32
77783
46
26690
39
38089
34
93755
59
51136
55
11868
49
21337
59
98704
36
13142
65
57931
1
97586
66
96882
62
28589
24
26426
34
21763
6
20942
24
24968
19
82990
63
45971
23
69743
5
93980
41
56431
3
76593
49
5265
53
85717
27
33544
64
92084
32
83388
38
88820
19
74266
61
12152
10
65218
29
67832
13
22718
32
29838
1
42439
12
85446
59
63602
28
72959
6
8677
58
71255
63
85621
25
91710
26
37706
49
43385
6
30545
63
40411
61
16455
65
41054
46
44694
62
37202
53
22413
39
19777
11
14869
60
26590
13
96153
30
37321
37
87369
46
51768
9
21936
28
44946
7
72844
29
24793
61
3623
4
53396
33
13244
43
91682
1
12117
31
55373
64
92065
64
71985
48
45459
21
90722
6
86573
36
59461
20
3757
57
86801
24
42729
1
61891
54
44400
57
68470
23
66422
8
29833
58
69321
18
9896
15
54415
28
92893
12
72801
42
70457
64
17799
57
45878
50
96391
21
98319
63
56130
31
95822
38
51152
7
95426
12
95062
48
6907
19
69808
36
14250
11
65837
65
8457
43
24385
58
47782
52
14879
24
21850
11
61511
47
36616
44
38737
58
23793
44
57877
26
6493
35
77018
51
14947
7
8731
27
13167
28
42151
33
32559
5
22783
17
69055
11
79340
50
24005
60
47025
21
44450
39
2985
62
59561
15
18847
13
19183
8
96792
55
355
28
87370
63
14866
16
11253
52
90678
51
61351
12
61272
24
27509
44
76314
27
30084
32
82479
17
98257
31
73820
32
34340
60
70890
59
82067
46
7058
44
64779
21
58744
33
3618
27
54532
24
55207
9
8356
59
10219
54
2050
43
19991
5
42278
2
61772
31
38290
35
70628
56
50968
40
39313
39
55848
48
62214
41
22640
45
41855
12
70449
65
97503
52
1103
16
20185
58
41329
15
73966
42
95291
16
1416
25
77944
6
2962
41
16018
26
61782
57
37363
55
84499
39
83558
47
41406
35
52289
34
64449
41
78379
52
37779
66
72166
47
88472
42
58729
30
14982
28
87493
63
945
32
5486
58
88913
62
36834
40
9342
21
7489
37
15629
9
29633
55
60919
36
47213
59
40341
58
43397
57
32886
23
97622
7
75166
45
36800
23
14503
16
36236
36
79292
18
86458
22
80389
26
18690
8
76991
21
44809
57
41217
15
83017
36
82602
43
56847
41
67882
17
54415
47
41611
24
46131
37
64379
29
29591
22
40406
36
62146
44
69924
36
67344
54
8299
19
78233
21
5023
59
49567
41
93099
66
64658
58
61530
15
72312
1
29403
21
60734
2
36505
15
40102
56
10652
17
63044
8
51611
7
92673
53
98516
30
64102
40
71721
41
31645
15
25829
11
35845
18
44368
55
57498
19
77391
31
85050
38
83635
2
35971
8
74714
12
62086
21
90038
7
29483
37
60003
62
17188
38
71279
35
58509
19
11613
60
42700
51
51722
29
37063
11
86141
10
90732
37
83156
58
21746
32
51847
44
58397
25
71570
53
35935
2
48571
58
44526
27
94599
38
53982
21
75254
3
75205
48
89602
58
9719
32
74094
49
14877
36
65831
31
44439
30
82607
24
27747
61
10080
49
90518
12
36309
52
54702
46
38808
42
65572
39
23039
41
344
17
71981
10
22380
16
39555
63
5761
40
68155
23
57990
48
71711
56
65009
4
50987
26
57403
43
71664
43
51012
6
59557
56
39373
52
39908
40
76861
26
94515
57
60734
32
88505
27
80484
9
25720
45
71144
66
52762
48
97923
60
93302
31
77409
26
79195
10
21520
36
92738
10
59409
43
49466
41
30622
53
68426
55
50490
9
2182
60
73470
5
59900
22
51929
23
19818
30
82091
14
71316
43
39111
20
3106
3
67698
8
64814
53
88882
29
1351
6
6316
18
37936
51
35990
49
94673
66
19159
30
86486
60
79070
3
27483
21
195
60
36803
40
2782
30
54009
24
18562
27
60584
39
58546
33
59967
48
50098
48
8986
35
92052
25
47893
5
53732
44
50121
40
9582
32
84504
13
78674
28
54141
65
34672
33
61072
47
17281
66
35470
25
74929
43
48925
24
55725
12
62313
21
5868
53
87574
16
14378
23
12734
40
75793
13
91442
65
63290
34
85169
11
30516
58
70939
25
72902
29
49507
41
89885
4
31767
64
25604
19
43907
42
67942
46
67583
20
45672
12
94885
21
89105
43
30259
12
93314
37
84117
11
42407
34
56777
9
89971
28
41665
24
54212
35
1194
66
43688
58
16926
21
29713
2
82020
20
38547
5
9823
19
46168
5
35195
66
75383
41
27746
31
30410
41
82262
1
23594
48
57122
2
82092
25
83049
7
32238
46
35134
37
67680
60
14883
65
25715
38
68654
30
54906
39
89634
65
6951
26
34365
5
18609
25
40294
24
98440
49
23365
22
30185
42
68477
34
42689
40
85535
65
12332
15
53580
46
34982
24
65525
38
84555
57
25912
53
87734
33
47842
28
28541
39
38427
41
75402
58
66077
39
98535
4
44771
15
15869
12
45658
65
3504
35
15035
20
90271
59
39161
47
50834
63
10497
33
11286
63
76739
8
54791
38
31268
41
72542
17
53260
27
44536
54
49704
39
35538
60
82264
5
75043
9
24304
61
83885
66
31431
41
93906
6
90716
12
28336
8
23330
59
91954
1
61274
28
35022
53
73066
48
73699
8
2877
65
81492
14
36006
55
50145
19
42464
31
46252
43
28428
32
2700
7
87818
5
56409
31
43933
65
55435
31
54906
43
78760
1
98521
22
67480
43
58971
41
96658
11
7324
41
38864
3
71843
15
85710
10
54088
25
62928
16
87510
33
60489
53
5413
16
90302
33
24795
61
28313
51
63036
29
37288
31
30907
53
76166
28
89905
22
28179
27
38026
66
33586
2
55564
15
38680
54
67203
8
39026
37
80147
23
75014
28
59580
7
1719
65
15343
26
1107
63
2779
24
39128
43
95390
27
9836
66
61668
21
65099
37
19807
28
57242
66
31525
32
79452
56
95107
20
4591
51
19095
33
41902
3
67251
61
33870
53
76017
35
8096
56
67600
49
4584
61
93092
34
55732
56
42164
45
75241
24
18239
4
52714
64
53798
14
2892
28
29123
48
47290
48
38187
56
80452
11
58572
53
72902
22
11612
43
92275
25
78245
13
46572
4
29386
33
66306
23
87094
55
53807
65
70864
51
31952
42
86655
42
74288
5
18764
25
70798
29
56042
5
68667
4
31020
15
92828
65
85362
29
9093
21
15436
60
18460
54
89342
24
39070
28
76329
36
10310
16
63856
25
91208
42
93431
41
66897
47
72044
56
88223
39
85572
34
52178
58
41273
27
62854
65
98484
63
31773
20
46334
42
53235
33
54947
36
36918
43
37461
60
67370
40
82623
28
57467
32
89791
24
611
47
79928
11
87660
41
13700
65
79341
47
70335
23
23662
46
23309
14
23851
10
93398
30
29091
36
30533
11
11406
3
2911
58
82745
65
14416
25
79958
45
68970
26
75811
1
63788
20
73563
59
68341
9
44309
26
66786
32
90298
63
45746
61
95218
61
21716
42
54123
1
87406
14
15094
20
33684
25
68018
29
92425
25
36286
23
94544
17
55728
20
21540
22
21514
2
65256
47
57316
24
22959
30
89972
44
21578
31
28193
13
53898
29
69656
22
64245
3
37746
53
66203
61
17532
44
25841
11
61479
35
31660
37
60153
19
34370
14
44836
60
32115
37
61509
7
63023
53
32583
54
35438
47
44924
37
55031
32
63367
31
21294
3
87718
26
4764
8
77231
35
11863
22
89005
54
55625
56
61350
36
70496
44
91813
34
74696
42
71857
44
61744
45
75435
42
59108
3
44385
51
14988
35
84738
11
56555
43
41324
59
15954
14
69313
25
85229
28
74887
66
9569
47
9448
13
30438
33
50511
35
42958
58
35037
10
96007
51
3502
58
65345
61
86375
13
72828
56
50467
27
34914
14
84611
16
7767
38
86029
18
35649
4
58198
65
9285
38
33392
51
29878
45
8528
33
5334
40
6528
36
11888
48
59119
60
70912
9
54240
30
77862
62
7666
8
30838
17
70364
15
56766
56
34740
66
76975
8
4491
24
81648
57
4312
34
65900
3
9275
12
65694
53
67124
14
47359
49
17270
48
48275
8
22568
10
46091
31
7136
29
81012
14
53183
47
50850
4
10771
41
12520
55
4931
57
45142
61
53019
19
24871
40
62139
11
72347
65
80737
53
30093
39
36986
65
5750
54
26700
7
21251
2
21865
3
91052
1
63475
44
94902
40
83808
45
5401
41
32895
48
64319
7
59393
40
64348
59
10211
54
81064
43
24289
17
17588
45
71927
18
11548
39
16589
46
49277
60
51148
53
50026
20
17258
65
95686
26
89112
15
74995
58
31327
28
88080
7
37029
26
2752
51
47031
34
88613
57
69446
56
39028
66
6844
51
3828
46
18558
56
93641
25
57469
5
40772
30
71564
21
84306
28
30779
28
523
53
95684
11
36170
31
53610
50
79687
57
60173
42
55586
28
3119
34
23797
40
55593
18
69552
16
7764
57
76962
39
30668
55
94483
66
17580
35
64816
39
11283
10
76725
61
58415
19
42563
59
52116
31
57992
29
54780
29
5272
32
83305
3
86853
65
7730
32
12431
65
19080
64
79796
42
83806
66
66792
60
21632
65
82182
10
81997
21
91020
21
55157
19
27605
34
42190
36
88188
42
56192
32
17124
30
9006
6
27204
6
71452
48
87493
3
87810
15
68917
65
62286
34
53954
38
42413
56
15581
55
47305
65
50221
47
92442
14
57287
9
91884
23
25234
3
74994
5
75693
3
66042
8
77687
22
2390
52
44218
42
39528
10
16001
23
20044
8
76563
4
83562
11
30379
47
47572
44
72818
31
70743
11
16470
32
68567
13
82371
4
48323
8
73147
64
28995
37
30455
24
83988
45
67388
6
53770
10
14087
28
61671
26
38760
41
83250
11
11595
21
89682
26
4448
19
17848
53
12772
55
55751
44
74175
55
47571
65
4343
6
34621
6
17354
5
38618
11
13200
25
60527
17
18476
15
6434
60
78482
46
50966
33
6069
3
46983
54
69031
7
29982
40
40546
32
56750
14
30023
56
75073
46
31316
13
22027
17
62273
49
5802
4
94152
40
17619
17
53185
57
37477
11
54750
2
4538
5
61466
50
32160
43
47232
7
66142
35
77152
11
34142
58
8108
33
27082
11
2067
45
74404
40
81614
33
27604
24
2730
20
50993
22
17889
11
71408
28
48282
9
56169
30
55470
30
15855
28
61245
58
34557
32
59288
14
48498
14
13458
43
33385
22
31406
28
11181
4
89693
34
63232
2
4629
10
97208
46
13093
8
78250
58
25059
2
22529
45
20063
34
46599
20
92010
64
896
42
72270
27
97395
23
62764
59
22387
29
37887
29
20988
27
70534
58
70015
50
3911
65
69680
54
48860
10
7040
11
12621
39
9011
61
36461
65
31464
59
70756
43
32596
49
77486
31
75253
59
27168
38
73793
46
4870
9
96162
51
14058
20
22909
15
2704
62
7153
30
31201
12
11491
31
32549
38
64009
14
16657
30
88687
2
9475
10
26560
13
86511
39
29887
26
79319
53
146
46
81903
35
76858
53
26401
59
85357
5
14379
58
27563
57
3367
13
84438
23
92311
7
42768
49
45293
20
73001
66
84521
58
40541
66
15839
43
64741
8
35816
43
27656
54
57168
4
82500
21
57554
21
20928
23
71882
42
50957
20
52797
55
85070
27
39555
53
69676
60
5911
29
46446
60
30584
58
13522
49
36819
8
22836
50
98571
10
37171
26
17350
52
16189
2
3141
55
80740
4
32670
8
13350
30
45098
34
20100
12
53678
7
30364
13
90679
18
86223
35
67679
46
98730
66
76961
4
79164
6
26963
27
77834
35
46031
57
1554
15
70202
21
13830
7
88823
54
1883
40
93667
29
82560
40
62875
39
46758
30
12639
47
88678
62
45737
45
40556
63
92638
20
76613
43
47206
62
14824
62
59330
30
18732
52
59296
48
87570
2
69759
38
27499
9
48302
50
76682
39
54797
8
26975
38
20302
52
6140
24
65381
63
2228
47
79526
54
60056
66
95245
44
80541
4
72112
8
62239
43
79251
47
31634
2
15024
45
89235
15
96291
42
17113
1
35932
61
1279
13
10317
65
80531
58
63907
49
75625
20
31972
25
38975
36
82356
47
76141
47
4379
65
93103
47
1463
58
39359
22
83886
42
50673
9
80446
17
4202
26
32116
17
50212
44
11045
21
38043
60
10289
8
72719
9
38684
42
96197
39
53769
36
89738
13
72646
1
27480
48
87705
26
29960
31
9442
5
13521
57
27802
62
81681
1
70431
43
34998
41
41462
40
74620
59
20744
59
77805
15
20651
27
10466
12
58716
52
35417
52
62094
59
92177
58
92808
53
92665
54
89809
18
69925
9
31346
43
7325
6
30939
47
54764
57
12911
15
80132
10
66872
39
264
1
4871
9
79660
31
38951
34
61460
30
33962
37
43113
23
16872
24
69025
8
8023
11
82088
51
56322
29
78399
45
70664
40
85723
35
82915
65
22684
30
4943
28
17737
45
41719
35
2428
30
92111
20
55194
24
98472
43
21839
19
46786
62
87298
13
63879
38
32714
55
46924
11
97675
29
50607
61
59402
27
98001
65
56118
53
69491
55
24815
61
88068
66
8965
35
66202
13
80343
55
11520
38
97612
66
12411
51
25584
18
89304
47
47629
22
68102
9
86679
36
37011
47
7533
46
57828
17
47154
37
41956
22
45201
63
26065
36
96257
14
45849
64
95955
7
49980
13
38693
16
61183
20
1149
38
48319
38
67402
56
15326
59
76616
6
28787
17
71950
19
33623
61
43554
24
49141
48
66343
30
96367
2
55970
55
58517
43
63589
14
62605
33
89439
18
27585
10
26258
21
43309
47
50511
46
65932
52
74008
11
31380
18
53213
5
77449
2
62398
7
78983
4
83510
16
44747
66
95704
49
83870
6
82509
60
39088
65
73504
61
33098
34
6627
29
40269
6
34298
23
37000
42
7686
41
53120
15
35615
5
45461
37
91295
17
57858
21
32882
65
36114
24
58389
4
69920
24
780
63
49266
3
53142
27
76384
59
26250
8
88025
54
86209
38
45102
26
23363
62
30912
66
94805
34
78874
7
24406
65
5025
12
98696
13
54692
48
96527
3
53012
45
44380
18
22489
11
29436
10
28531
32
95053
21
70515
30
8459
39
65509
47
90141
38
9468
43
61337
53
84184
41
41289
7
28320
1
8479
40
23619
19
68898
26
85670
46
23918
5
85841
23
7324
27
25064
16
79511
21
70399
21
19857
42
2229
11
53123
61
17445
57
90233
57
42795
39
18260
57
35816
21
66984
11
17122
31
33460
63
42696
57
67165
50
67758
58
80265
36
5235
1
39041
16
43366
13
36760
40
56679
62
6793
37
88784
54
66966
25
84003
21
22951
8
16559
10
83481
32
21668
5
61797
38
79402
44
5964
12
38319
38
63462
7
50569
55
88553
24
59884
32
67875
63
36389
50
39984
11
87608
54
78196
23
22990
36
97859
46
52357
56
11848
41
68395
19
18380
21
1449
54
43184
2
64266
11
48196
28
37174
21
70286
25
43848
14
88055
23
81294
22
41936
31
40695
50
39204
55
7736
23
5493
6
30055
34
9728
14
12215
43
25001
19
82240
48
86703
51
76637
12
82817
36
38708
32
4462
44
3092
46
45401
48
22337
27
20212
55
40029
19
86179
10
58571
19
11560
25
72890
58
43043
9
7567
61
87480
39
50187
16
75852
18
94514
65
502
37
78778
63
44743
25
61317
65
87257
9
9147
22
66728
8
80877
51
70598
48
3023
12
74963
33
19005
37
93502
52
11353
61
92700
4
35112
61
44224
60
33045
58
46042
7
15549
3
3324
3
59419
2
72676
57
78681
66
93074
11
4676
13
89490
41
57912
3
48964
36
7811
57
18725
22
38920
2
74937
10
7454
27
4982
49
15483
14
70249
48
4326
46
49251
18
54624
14
33519
40
42489
44
28315
27
98408
8
44924
25
16648
3
87681
42
13013
65
64772
21
46719
3
81773
29
67483
20
65328
7
21181
56
76613
29
55679
41
63317
31
4610
3
88821
57
77304
15
59234
8
21761
10
88148
45
21471
19
776
49
6859
14
43878
63
24972
20
76167
43
34048
43
68263
30
50868
62
88948
51
90840
63
9882
47
82566
3
91186
45
364
23
33145
52
62518
43
33394
52
89827
20
9213
25
51216
54
21141
45
73078
27
8127
34
6066
53
2479
31
77550
53
75812
16
43332
51
4297
18
85158
28
57209
26
45261
14
15970
36
25885
41
35598
7
29256
43
94651
31
75581
29
53171
13
87342
10
79954
11
56404
25
14077
58
57612
63
12916
64
79884
66
4790
63
44852
56
49094
17
13560
6
67079
40
47018
64
92675
48
3988
48
86935
40
69127
55
58967
15
56721
22
30306
22
90691
34
36146
20
4360
24
57255
4
7111
56
10647
21
7450
19
27707
21
35473
12
91687
4
46730
9
444
60
74551
21
40464
4
81258
9
29636
61
70060
5
63538
65
82641
11
64577
48
15908
51
6109
38
40068
20
86040
13
80098
36
45153
22
65882
22
54226
48
64606
20
70355
36
87729
58
89777
9
60181
25
30765
4
9888
2
4560
29
43356
43
72741
13
7273
12
5565
43
63890
9
39276
10
12966
26
62712
16
63743
58
7070
24
76616
32
45258
25
14361
17
34116
61
50565
50
95911
37
22785
60
71332
16
37736
19
68151
64
52152
31
33890
35
86275
52
40913
7
13565
37
45982
47
3905
49
55616
57
3801
22
65678
66
27754
24
33015
26
46505
41
97364
32
90486
14
22060
37
65655
42
56105
2
31731
14
78338
48
53705
17
85246
10
23020
62
65019
61
98178
31
90895
64
9160
47
72639
12
74068
33
75143
3
26517
51
52894
24
22979
41
70819
19
32799
34
57034
25
30779
66
30371
33
54323
54
15369
11
60738
48
71306
58
3539
21
65790
13
63898
49
59143
7
34721
59
44046
43
85016
27
3542
21
15154
58
94361
35
89793
43
30805
58
47259
58
64595
30
58419
63
51592
56
35383
3
31682
24
14081
32
64679
30
24349
53
23763
46
44296
17
36260
13
43709
54
17416
42
37035
62
21623
23
66376
42
25042
45
40851
52
38512
22
27553
62
68228
4
25071
25
63264
47
87199
53
4953
29
72655
25
62572
31
41952
61
56676
42
77961
65
83482
34
28969
59
17616
59
92120
35
96330
42
69066
45
96449
9
53507
14
46786
35
11464
54
77269
36
14391
66
7383
44
30703
39
15759
27
29207
32
306
9
79417
27
53244
38
45174
30
7893
2
54644
25
2430
11
91139
14
21252
42
51414
23
72011
15
90149
63
54025
62
53044
64
20715
16
38890
13
31667
38
33993
30
78446
63
75213
7
41188
46
6086
31
83891
20
55620
21
51797
56
74775
5
98432
19
10201
11
9132
16
64060
66
73227
20
13069
61
97625
46
10860
7
27480
46
97633
62
97111
3
10207
66
79595
15
13911
39
460
5
28700
40
24586
44
45989
59
4312
19
74901
48
66719
55
34520
59
44428
36
83804
57
91235
21
67794
37
37874
30
17276
57
8393
41
11288
34
86894
66
91513
19
57523
41
82804
25
43475
8
75746
22
81292
56
51707
17
34891
15
29104
16
55609
37
84762
23
53209
22
96676
63
56643
12
87952
21
25719
9
21473
33
72136
20
73655
48
58960
59
41580
44
44340
11
22583
1
52585
45
72599
43
79215
52
78656
58
76951
3
46290
55
97784
40
45799
39
32403
27
83481
26
91507
54
92716
44
73246
14
36632
1
36304
26
19890
50
8960
17
13385
62
59194
26
84958
26
52531
51
34090
39
26203
39
8540
27
61146
30
67867
22
29934
53
77281
42
56273
38
78493
22
59029
64
27082
46
67279
56
54500
38
95098
46
73461
38
35937
4
21711
18
93046
40
31624
46
51753
50
49444
42
46521
5
37808
36
9625
63
28600
60
97621
5
4263
66
15573
24
60290
60
32249
63
51075
23
23799
64
79436
56
40046
28
48429
30
82747
20
79211
26
28713
42
38694
5
22928
7
1068
65
90197
56
489
48
6952
44
48583
15
36709
7
87585
30
29028
6
6113
50
79621
41
83833
7
39215
40
52027
10
1432
8
67588
39
17801
54
79865
22
3479
6
40266
11
17018
43
91640
66
70981
7
56650
21
28243
61
62081
37
21691
59
86816
35
23871
48
28186
25
48719
12
64306
60
73418
29
72277
55
59416
36
89429
30
18324
18
21883
11
26666
18
54900
58
7387
13
51278
4
93178
53
33736
61
48234
44
93793
41
60661
33
46538
30
63998
26
17542
19
3943
7
58649
49
16686
14
49666
28
1829
17
3143
60
95493
39
19247
62
33720
36
76382
51
1889
22
64317
33
90110
38
1053
46
87291
64
55302
39
70087
64
92326
20
76731
24
92521
42
89948
54
37689
37
49405
41
29435
44
26043
17
53967
46
17756
15
60181
14
6031
38
65669
16
94025
3
55324
23
15852
48
2633
34
72781
28
76443
22
67593
36
77370
29
56710
22
84033
18
73463
22
90014
55
20307
4
17202
43
58167
8
4223
13
593
1
92389
59
50021
18
79122
11
40678
32
90457
2
4387
56
73009
51
29635
16
76725
41
32642
21
35450
46
66646
47
96831
33
33736
30
24053
35
19238
61
64189
44
69302
51
49283
10
88367
31
51409
60
38311
27
21225
54
12364
49
49576
7
51639
63
2416
42
5507
45
10783
55
37
3
26425
17
91294
59
89128
44
5050
47
45568
36
37342
61
64963
57
51399
35
27103
37
78999
8
26525
54
86675
23
20018
46
18619
15
67516
31
74269
2
87972
3
52388
56
58403
26
38829
20
51202
3
21373
50
19553
44
17306
15
45887
64
21589
19
54101
25
7334
63
81167
54
81114
18
21210
61
60607
31
29864
60
1459
66
44654
22
3829
30
78384
3
48864
47
76167
11
5141
48
50102
64
749
21
70460
42
88599
30
17796
61
66665
40
3556
49
14327
25
92758
32
20654
45
61984
14
12717
35
5314
3
73099
66
98594
53
29390
50
41262
57
60417
14
50757
29
89010
44
9719
50
32448
34
54538
38
93247
54
72058
2
66228
44
73126
37
41988
14
44503
12
30311
11
64880
20
76625
17
84692
26
90237
30
31970
32
69671
25
69973
60
38463
46
6260
38
48905
39
79492
7
71298
6
51104
19
79387
22
82061
40
86583
1
47295
45
15537
1
87559
10
60261
65
76886
45
28455
47
86327
23
49284
66
64523
55
63873
41
75783
29
37892
49
78369
44
65003
32
34540
34
932
13
8848
40
36985
55
13788
12
96504
59
96745
13
18429
25
80802
58
91267
15
35918
3
27336
11
73471
57
53575
6
71045
24
50915
23
61261
46
38973
15
1692
65
93092
18
76945
52
41061
48
21778
12
69191
27
64722
24
97896
40
49423
58
72939
35
67610
65
67839
22
19103
2
97961
64
74154
40
85993
5
42883
25
96191
4
83301
64
23565
45
22698
32
92869
25
64543
25
83414
34
42084
29
74996
17
21172
39
86297
55
59339
4
60584
27
93215
52
18462
48
87292
39
50940
3
91606
10
9965
28
3264
2
6552
15
94382
24
19628
21
7653
65
2975
15
53221
4
83497
48
14760
45
17644
66
59383
33
54943
27
90454
57
29200
64
69976
48
79144
60
83917
45
27970
59
43432
60
2827
15
53350
38
72671
50
20537
27
49608
56
33105
20
12754
23
39871
54
9979
24
19939
3
97884
7
34582
12
40419
40
63397
55
3781
25
92772
11
37329
2
5352
24
38433
42
77464
10
76256
31
84265
13
3957
56
90988
17
33865
2
14371
12
67415
4
10639
15
10226
8
77788
53
83388
52
77656
59
16982
27
36193
59
20528
47
70355
26
45265
13
72718
21
12155
12
43861
27
49157
4
41073
40
28078
23
34101
36
5402
34
35593
25
49984
36
25501
29
77246
65
38597
26
59553
48
8076
5
74197
40
39864
11
74954
29
79830
15
17907
29
75274
34
50871
58
96842
65
33984
43
50948
5
51059
19
12465
10
12326
58
46475
10
23807
17
62561
28
12317
30
61977
20
49351
66
38654
18
29377
33
39019
28
75373
37
24044
30
57838
58
42228
41
75029
27
53334
54
89913
62
63974
55
37556
52
93312
7
83537
63
44965
49
15922
66
19658
49
31894
62
25178
56
84905
22
91032
25
4623
5
24374
14
2677
8
67438
59
98403
42
66456
17
72700
37
82893
36
63026
36
29329
12
89786
29
15743
12
13718
1
64805
20
91192
22
660
24
46247
15
12239
4
25958
36
79143
56
64337
26
86887
4
32440
3
27938
2
37413
51
84297
50
42648
54
34859
2
49600
16
82628
41
90348
47
64414
20
29284
10
52276
15
38964
51
69207
39
80528
7
56364
43
83551
39
25452
14
37334
14
2066
60
85929
4
80818
44
87543
1
17198
24
43670
53
55373
17
62985
5
84376
24
21832
7
16952
54
42902
63
74504
25
23737
46
14784
54
60701
38
58948
41
3550
29
3094
56
53990
61
87546
14
81475
16
20444
24
89395
11
31270
3
33088
50
88629
39
60993
27
35001
27
56398
40
10585
10
36215
18
12146
22
23737
46
91537
8
92371
45
48324
46
49468
29
29592
27
12323
46
2647
60
45001
27
14331
37
39733
5
21902
53
5658
52
20540
66
52440
4
45959
1
84908
57
15268
65
41025
62
18922
22
60215
30
88810
38
30128
42
57212
1
38907
21
82690
22
52869
12
25630
64
55542
45
9021
6
56730
2
27085
60
27538
48
24777
63
84822
55
18100
38
56288
25
15917
14
70985
64
6125
62
64351
33
84023
30
66832
65
88967
13
23804
28
59498
11
8049
63
91895
26
15193
43
43103
65
63686
63
13735
55
95127
18
2503
20
97851
53
14032
5
64176
45
58106
26
6015
65
13467
30
13579
28
16634
48
31512
52
48907
58
83762
14
4962
58
92478
29
32444
54
81390
58
62982
28
7680
57
60921
11
20881
39
73084
57
50627
46
59073
58
20783
25
21409
7
18393
4
61350
19
33953
51
6052
16
34317
55
73386
46
50869
62
35293
3
16134
50
39433
34
47552
15
48675
20
97591
37
32714
39
19419
7
44601
24
27799
47
70574
25
65592
36
88260
48
15335
9
8227
4
72643
28
84886
31
95609
41
94542
24
92263
21
80603
64
78458
8
66464
45
27624
59
31043
46
73051
48
94010
29
42173
56
36701
43
62968
57
75099
43
69718
54
33536
65
10286
35
134
60
93987
32
23532
65
53311
38
76640
66
17423
66
39913
31
77639
43
51964
17
17815
22
45795
18
14653
14
97055
18
14709
53
18286
20
59336
31
75114
56
84541
16
23011
9
68423
11
4023
54
87570
32
40148
11
57434
64
24934
63
75896
44
92066
19
1797
46
50395
9
94413
4
