2871940
5472
9233569
6
22970801
8
14322160
13
16110538
29
6985461
2
32400313
25
24882871
6
14489605
14
415744
38
27656108
29
5330952
25
27365904
33
32104713
14
21641558
20
215620
33
8304338
15
30506585
32
16149355
26
27797188
18
8653889
37
15459699
13
7677511
14
20774783
24
19942227
17
27245619
8
3444936
17
27492708
35
12928066
29
28890511
32
19357388
3
3999242
23
2635563
24
24144551
40
18001263
4
15948062
18
2899375
15
2432464
37
18364973
31
11554117
4
12033248
12
27231458
40
8901990
3
16510915
6
24937652
3
603198
37
9748293
25
11042497
17
2615296
38
23202254
29
19138519
19
10103726
40
8954707
13
9750047
4
18621420
6
5264438
35
31782373
25
30906758
31
19954967
35
13844281
27
24679360
3
17863760
18
24278207
16
8667523
16
27860920
39
28105196
25
28481881
31
14194915
34
29541665
26
18135362
1
28613210
25
20379642
2
32394693
6
23956221
1
24124649
36
6411741
10
14585846
9
31806821
4
26945087
34
24075457
10
7544040
17
26652473
33
10906111
33
12662383
36
28499447
28
27486507
19
3105862
22
11352943
31
1068218
17
17299878
18
14172160
28
9057095
4
20428873
35
1161669
5
24704042
31
24393448
11
11534722
39
4205431
13
16004965
21
10610357
14
2748235
11
8590840
23
21227275
7
11977896
15
12160517
9
13209352
16
14080896
13
25603556
16
14749
30
17929379
5
20340956
11
31595514
38
17842225
6
6502463
15
10442857
32
3792704
17
15339411
8
8439135
6
1251092
37
22608652
3
28978939
8
26881730
32
142243
4
6121257
38
9484858
1
23542449
39
23084387
9
22471871
7
6888811
36
8390175
6
13887162
21
12754967
22
26316527
29
3730118
14
20577607
4
14293977
23
19429745
7
19822216
17
9341388
18
2716392
15
20442218
27
2352440
12
29728074
35
5009167
6
19796298
23
24681445
27
18316528
35
8273812
17
12845771
16
31318520
21
8699510
13
26717551
38
17558576
12
16074893
10
5574838
29
3971078
4
25548586
3
8336599
35
25474674
11
9319639
13
3789044
4
23918682
23
29930760
40
12441026
27
24418143
6
7068375
37
9727177
25
9357357
7
737818
25
21678300
23
31546224
10
3032218
34
23924726
19
5012267
33
10361859
22
18395655
8
29283583
20
1473208
7
23747072
31
12136358
3
3496339
33
30255037
34
6829908
5
25578772
13
32510679
17
5566150
15
23469653
23
7026455
10
16171071
19
17082972
33
18001997
14
21137064
20
2217644
10
3909863
33
21793332
35
32481415
5
4490424
21
10867860
31
32194332
38
13236501
18
18054478
8
31608516
18
7997248
15
32313717
29
32482713
38
29784534
37
9290263
24
27979686
4
22002223
16
11163936
11
24621985
2
23691613
29
6938504
36
28598507
20
24568206
11
16815768
29
6213301
26
7481700
20
31977786
6
29201398
8
11406199
40
27631597
40
12836409
10
24881992
2
5095233
35
9164761
27
5774754
7
27766853
33
18930012
19
11772494
2
833396
26
31810117
27
1467429
25
3054125
10
20880957
10
17645571
33
5132944
16
8074430
40
31914521
24
17316619
34
13032382
28
4249506
12
19181236
22
9438957
1
183456
31
22081545
28
24731699
19
31223108
13
6513637
12
15593465
9
12373987
37
22225366
33
17528372
38
29365150
24
24754680
39
17647822
40
14792140
37
4313006
7
22414790
8
13973443
27
30790281
39
26951174
3
1447609
3
26695540
31
23994941
29
11236669
11
11537770
7
22677639
8
21298052
9
18900367
31
28503702
1
11575948
38
26099041
18
18157177
4
12655122
9
1577209
26
27667653
36
16386558
30
15197146
33
22689098
33
20697354
11
31330469
12
14817322
11
4908833
22
25845791
3
4752936
7
11828233
13
5448493
17
16983540
15
29531638
25
31179325
30
2940345
2
7729387
6
11116355
6
12987189
31
18651274
37
26701444
20
28321036
14
29397099
23
14576381
39
21071523
27
30335293
12
24359222
27
7451063
18
16340636
10
9260548
31
8535027
20
28572051
28
498824
13
746319
10
1116194
26
8028525
1
2049218
16
5911563
6
5489770
26
16757123
14
30734471
26
22159331
29
28571166
36
29778764
15
25493053
29
30056141
2
20496623
10
9122671
7
2026129
9
10480864
10
15379113
23
18854844
36
4049799
12
29630310
32
26548843
7
30530430
10
23005611
27
19579736
7
791260
8
20800134
13
30776855
29
26544378
35
33711
19
1696684
11
8314739
19
1621054
37
4994183
3
1324246
37
15323031
25
31998349
4
32375719
28
13994760
14
16234177
6
16270015
27
20788094
28
17245331
26
26671559
23
8773754
28
8578015
9
6015979
6
23694124
40
24454161
37
10835276
11
30402613
11
8888339
35
4906924
2
3750456
29
18372009
1
32150068
4
31166405
25
22856841
18
11801734
37
15247147
28
20056890
3
4469549
5
11722414
40
26292751
3
23450773
3
1468223
19
25541333
13
14041348
21
29996635
30
10710506
22
3726810
5
16948499
32
4328771
3
27194353
35
8824166
32
15798571
31
6480109
24
4510109
29
15308618
27
26873201
32
14366825
23
14100972
3
694369
36
29017788
2
32521195
15
1568990
4
8459379
32
27207623
14
10805426
24
18284035
33
19445441
39
227136
24
16863240
8
30976359
22
17290628
40
15714766
27
31369421
3
25954889
12
11171047
35
6337581
26
3276379
24
21631909
16
5469233
26
18253736
13
22264077
3
30570694
35
2730085
25
21532296
23
32036892
31
7188583
8
22667983
32
6109934
38
5155079
21
14944250
21
5586876
7
22605881
19
20634720
3
29584664
14
8586082
24
10499644
16
32145515
28
7043529
26
27707123
15
8790858
1
8551609
20
31140172
25
26157029
31
8744672
10
14807507
25
14336818
17
2277808
33
3220271
32
12068103
21
19397556
15
20078129
32
8148600
28
14538848
15
24685632
8
9702918
21
25488596
17
30598519
8
11921945
10
21975616
1
10437447
23
11715121
28
1916845
15
5055251
2
9885269
20
24338520
5
16715120
8
1089802
26
26381262
29
4380759
29
28173256
6
5566274
30
4605755
8
8006837
22
4546952
23
11631234
26
28016590
24
23461721
5
27563013
4
1075873
35
30085091
29
14072386
18
7138196
4
10404340
33
23390001
32
16785823
2
16878881
37
17863892
20
24646852
3
706108
26
8977577
10
14092953
19
21607795
31
622040
32
7879665
31
24870538
3
6346468
17
15474129
22
1008671
11
18672534
23
20547429
28
10779761
38
3888046
6
24067613
29
581025
3
21492852
4
21383432
33
14833141
19
3962195
29
